time,flux,error
1513.283760946375,1.0009118662362946,0.0016724242784835245
1513.2844420405527,1.0020670692800513,0.0016726840448561481
1513.2851231347304,1.0018535747542232,0.0016725812337023938
1513.2858043289089,1.0015174203444972,0.001672423361909736
1513.2864854230938,0.9977549992646262,0.0016707499304353516
1513.287166617156,1.0021954460165463,0.0016724380210518136
1513.2878477113336,0.9989423249828489,0.0016711347081331837
1513.2885288055113,0.996693908972746,0.0016700781809657517
1513.2892097996883,0.9997380853675017,0.0016710857088059704
1513.289890993874,0.9994347085982936,0.00167101053758525
1513.2905720880517,0.9986926441979813,0.0016705399874774537
1513.2912532822302,1.0004362221944052,0.0016709392462456868
1513.2919343764079,0.9982442873127435,0.0016700030238365538
1513.2926154705856,0.9972579334762292,0.0016694106736117916
1513.2932965647706,0.9986738457802653,0.001669540546164684
1513.293977758949,0.9972128177208439,0.0016686110911157798
1513.294658753126,0.9975932866770605,0.0016683062121280985
1513.2953398471873,1.0007364424942737,0.0016696160432407403
1513.2960210413657,1.000857808835879,0.0016691615635238916
1513.2967021355435,1.0036608820551072,0.0016698594738878301
1513.2973832297284,0.9992948039951431,0.0016677753690318548
1513.298064423907,1.000007662642939,0.001667957678036918
1513.2987455180846,1.0006197281766713,0.00166781501423109
1513.2994266122623,1.0001698377666546,0.0016675415565777683
1513.30010770644,1.0016785949056053,0.0016677987981541598
1513.300788800625,1.0031434967383144,0.0016680568089920199
1513.3014698948027,1.0007449679428568,0.001666801213739526
1513.3021509889804,0.9990184554887334,0.0016657920608751666
1513.302832183159,0.9996244501849739,0.0016657064050423854
1513.3035132773366,0.999127391140895,0.0016653518325781148
1513.3041943715216,0.9969848729622238,0.001664378251716636
1513.3048755657,0.9994654328668559,0.0016650499214623724
1513.3055566598778,0.9991586555574141,0.0016644994856844842
1513.3062376540547,1.000167753502744,0.0016650719372008124
1513.3069188481168,1.0008501219094759,0.001665085322929764
1513.308962230658,0.9992269860893108,0.0016640064401160894
1513.3096433248356,1.0015243550256248,0.0016649263744150746
1513.310324519014,1.000097209375189,0.0016640706194566237
1513.3110056131918,0.9977680377771011,0.001663311723271173
1513.311686607376,0.9987029479653599,0.0016637247397640433
1513.3123677015537,1.0024525584404538,0.0016651331727549465
1513.3130488957322,1.0002791653272842,0.0016643412249293856
1513.31372998991,0.9996057644095552,0.0016641100946022114
1513.3144111840884,1.0005277743691712,0.001664639061542989
1513.3150922782734,1.000148053327827,0.0016646064204285911
1513.315773372451,1.000059738288454,0.001664786399509736
1513.3164545666295,0.998555028211281,0.0016641984842272186
1513.3171355608065,1.0004117057893305,0.001665275997628835
1513.3178166549842,0.9995868287123829,0.001665031028823912
1513.3184977491692,0.9999755193066717,0.0016653305190555457
1513.3191789433477,0.9974837331646257,0.0016645686479685566
1513.3198600375254,0.9993440209082174,0.0016654439452945735
1513.320541131703,1.0006816113678634,0.001666233602185907
1513.3212223258815,0.9992069502522306,0.001665874272594259
1513.3219034200592,1.0002129238898358,0.001666562155738372
1513.3225844142435,1.0004651575364853,0.0016668836078637653
1513.323265608422,0.9992020685220148,0.00166666726333335
1513.3239467025996,0.999638881601715,0.0016672496933922132
1513.3246277968938,0.9960005111677768,0.0016659812298659307
1513.3253089910722,1.0006572190569074,0.001668075681777072
1513.326671179435,0.9995374605127425,0.0016679403871224527
1513.3273522736126,0.998770273206117,0.0016679538503907763
1513.328033467791,0.9975471410207754,0.0016674577725977443
1513.328714461968,1.0014224968809828,0.0016696294432692112
1513.329395556153,0.9992837149631894,0.0016689982366477427
1513.3300767503315,1.0007225392502035,0.001669713238198454
1513.3307578445092,1.000052122786856,0.0016695799798600692
1513.331438938687,1.0004959279731855,0.001669886961394709
1513.3321201328654,1.0003519271177659,0.0016700401408920314
1513.332801227043,1.0016169505577415,0.0016705051201078738
1513.333482321228,0.9985607172245713,0.001669565731325154
1513.334163315405,1.0014368697605611,0.0016706645374410826
1513.3348445095835,1.0021785233291425,0.001670896521128012
1513.3355256037612,0.9993493490342874,0.0016698671513947039
1513.3362066980626,0.9987155729071893,0.001669490077033829
1513.336887892241,1.000392073087917,0.001670426597966394
1513.3382501805972,0.9994376360720674,0.001669935951061558
1513.338931274775,1.0018332970508839,0.0016706412569733617
1513.339612268952,1.0001701351557721,0.0016699656858420488
1513.3402933631369,1.0009165201688321,0.0016699041467410317
1513.3409745573153,1.0007827045544777,0.001670091238078059
1513.341655651493,1.0012523784012959,0.0016699395003946797
1513.3423368456715,1.002135607605625,0.0016701969619033205
1513.3430179398492,0.9994725792381912,0.0016690598869909385
1513.343699034027,1.0012043274978448,0.001669592990710263
1513.344380228329,1.003239058798624,0.0016704608968358826
1513.3450613225068,1.0002243008358,0.0016690840635887165
1513.3457423166838,1.0005489888019479,0.001668992437015424
1513.3464235108622,1.000587982491702,0.001668999988159346
1513.34710460504,0.9999334219329339,0.0016685778703384442
1513.347785699225,0.9972708617944702,0.001667587425041015
1513.3484668934034,0.9991300785011619,0.0016676800182462042
1513.349147987581,1.0026340442224473,0.0016690833710495973
1513.3498290818752,1.0014700390494646,0.0016687524025583162
1513.350510176053,0.9995439474533453,0.0016677889522476038
1513.351191270238,0.99920123857283,0.0016675328050378725
1513.3518723644156,0.998993225780995,0.0016675369557708427
1513.3525534585933,0.9995373841624914,0.0016673965459768467
1513.3532346527718,0.9992427118176519,0.0016674337037566624
1513.3539157469495,0.9995749597191208,0.0016675927211775537
1513.3545968411345,1.0016644273904765,0.0016684533570564355
1513.3552780354294,1.0023909590960982,0.0016689259169907398
1513.355959129607,0.9995322247992711,0.0016674728355957008
1513.356640123784,1.0002445159278028,0.0016679158024714002
1513.3573213179625,0.9991077027396108,0.0016673335678809244
1513.3580024121402,0.9996269876450002,0.0016676465321017353
1513.3586835063252,1.0007883212762485,0.0016680487728713135
1513.3593646006193,0.9993378164357795,0.0016676791143581918
1513.3600457947978,1.001690559407452,0.0016686555247561363
1513.3607268889755,1.0019184467286895,0.0016687710849597973
1513.361408083154,1.000923369328297,0.0016682559639962058
1513.3620890773382,0.9984425516791394,0.0016672999696798574
1513.3627701715159,1.0009308586741363,0.0016685092800259652
1513.36345126581,1.0001472101975661,0.0016682970183137468
1513.3641324599885,1.0020303360788232,0.001669004283089807
1513.3648135541662,1.0007541310029648,0.0016687159506711274
1513.3654947483446,0.9985380356966603,0.001667845426642815
1513.3661758425296,0.9983509902963528,0.0016676428074472698
1513.3668569368238,0.999738577566143,0.0016685101436485596
1513.3675381310022,0.9974967542388843,0.0016675745557611808
1513.3682191251792,0.9989039099357717,0.001668113089516367
1513.3689002193641,0.999890811425764,0.001668656725898705
1513.3695814135426,0.9987867466877675,0.0016682488120591788
1513.3702625078367,0.9997679403484552,0.0016685644952584113
1513.3709436020144,1.0031078557287088,0.0016702196309963783
1513.371624796193,1.001161023780361,0.0016693203586599563
1513.3723058903706,1.0006087983967054,0.0016693171296277393
1513.3729869845556,1.0016014559309165,0.001669603196775298
1513.373667978849,0.9989364382995256,0.001668721252872948
1513.3743491730274,1.0014503940254293,0.0016695541099139288
1513.3750302672051,0.9996130920189162,0.0016688298125222423
1513.3757114613836,1.002545773564004,0.001669741699726532
1513.3763925555686,1.000628998599328,0.001669268330755915
1513.3770736498627,0.999332950893305,0.00166877950092894
1513.3777547440404,0.9981485934313568,0.0016682330717918486
1513.378435938219,0.997843513123377,0.0016682206494844933
1513.3791169323958,0.9993363712603758,0.001668573122409764
1513.3797980266972,0.998964562629411,0.0016684826321748426
1513.3804792208757,1.0018394338912038,0.001669557769654768
1513.3811603150534,1.0000366230839979,0.001668827406602207
1513.3818414092311,0.99935171171348,0.0016684600473537547
1513.382522603526,1.0000456346792619,0.0016685585313772104
1513.3832036977037,1.0024092677161023,0.0016697336862069488
1513.3838847918887,0.9976902028056208,0.0016676747937501022
1513.3845658860664,0.9994213877846195,0.0016684097628607657
1513.3852469803605,1.0022057729591056,0.0016695186190067866
1513.3859280745382,1.0024969715347225,0.0016695376731690314
1513.386609168716,0.9963334300767712,0.0016669401016610678
1513.3872903629017,0.9992895815547757,0.001668175670579326
1513.3879714571958,1.0015014912453566,0.0016690696822522103
1513.3886525513735,0.9986153055247003,0.0016680050413001757
1513.389333745552,0.9986973462559816,0.0016677915801436415
1513.3900148397297,0.9976287339919999,0.0016673791027788788
1513.3906958340303,1.0005166232198708,0.0016688445276309416
1513.3913770282088,0.9991251336216459,0.0016681000546948143
1513.3920581223865,0.9986268799305554,0.0016677601522988462
1513.3927392166806,1.0002231510954782,0.0016684265071922114
1513.393420410859,0.9997087201827245,0.0016682490168348576
1513.3941015050368,0.9999038816350858,0.0016685580278085295
1513.3947825992218,0.997451469865388,0.0016675210176110517
1513.3954637935167,0.9981249985637656,0.0016676231121747385
1513.3961447876936,0.9993598831342476,0.0016684595137462675
1513.3968258818713,1.0032280701615277,0.0016700010863918663
1513.3975070761662,1.0003149309158827,0.0016686277431228957
1513.3981881703512,1.0008320035706522,0.0016689241323418374
1513.398869264529,1.0045808319290812,0.001670412856731383
1513.3995504588238,1.0013578182499072,0.0016693803569126965
1513.4002315530015,1.001364286612997,0.0016694519216695967
1513.40091274718,1.0006938466895021,0.0016691728352870995
1513.4015937414806,0.9996101618642186,0.0016688234814852194
1513.4022748356583,1.0005083359110112,0.001669518367009875
1513.402955929836,1.0011214425137955,0.0016694208016903957
1513.403637124131,1.0014534680353229,0.001669847960483518
1513.4043182183086,1.001042680230065,0.0016698398704914463
1513.4049993124863,0.9998453704198289,0.0016695994229250426
1513.405680506672,0.9990354572237887,0.0016691131673103304
1513.4063616009662,0.998669971633862,0.001669014559605556
1513.4070425951431,1.0005013446530782,0.0016696464470571577
1513.407723789438,0.9981750917098481,0.0016689137039743662
1513.4084048836157,0.9983997327819967,0.0016691283483554155
1513.4090859778007,0.9992783657520677,0.0016695971167627324
1513.4097671719792,1.0034899233327206,0.00167142314095744
1513.4104482662733,1.0009644521745498,0.0016703563029561222
1513.411129360451,1.0017500497317688,0.001670797133862181
1513.4118104547451,1.0010562174885864,0.001670510021888493
1513.4124916489236,0.9982802047400267,0.0016694826328704177
1513.4131726431078,1.0021452768890877,0.0016711768544306496
1513.413853737402,1.0012636046999936,0.001670797114517802
1513.4145349315804,0.9990786318223366,0.0016699009952730946
1513.4152160257581,1.0031362608364474,0.001671524249172534
1513.4158971200595,0.9987894517056511,0.0016699245423427188
1513.416578314238,1.0012959411572908,0.0016711738048915375
1513.4172594084157,0.9988631558167262,0.0016699090335123834
1513.4179405027098,1.0005840544703317,0.0016706035551507794
1513.4186215968875,1.0006953349697163,0.0016710492758349863
1513.4193026911817,1.0006103614345616,0.0016709832924645
1513.4199837853666,1.0010361500961185,0.0016709489824784608
1513.420664979545,0.9991597858956487,0.0016702365604219812
1513.4213460738392,1.0010849603954362,0.0016712699655340828
1513.422027168017,0.9953037159830365,0.001668706320177734
1513.4227083623118,0.995431369147018,0.0016688724083600483
1513.4233894564968,0.9977320500291712,0.00166973025510023
1513.4240704506738,1.0014009568433442,0.0016712387240927528
1513.4247515449679,0.9994873702865076,0.0016708221750735403
1513.4254327391463,1.0018054184783554,0.0016715735988437023
1513.4261138334405,0.9982650919267168,0.0016701540208573177
1513.427476121804,1.0008548247722575,0.0016712587470597365
1513.4281573160988,0.9997333742545864,0.001670885733628034
1513.4288384102765,0.999420675454794,0.0016707598238271603
1513.4295194045699,1.0000036857175452,0.001671054869861293
1513.4302004987549,0.9980545915349455,0.0016701176983359124
1513.4308816930497,1.001454815696534,0.0016715847902825437
1513.4315627872274,0.9976217686043868,0.0016699194015034364
1513.4322438814052,1.0002089000917933,0.0016709149325148625
1513.4329250757,1.0006988754979516,0.0016712999656680288
1513.4336061698777,0.9994863490058862,0.0016709775780652423
1513.4342872641791,1.0028317412890955,0.0016723562308070055
1513.4349684583576,1.0018290981639313,0.0016718088405948256
1513.435649452651,1.0005500898183015,0.0016714509690402774
1513.4363305468287,1.0006130745456576,0.0016714028838188274
1513.4370117410072,1.0009480928487928,0.0016715744342460203
1513.4376928353086,1.0020961478127637,0.0016720766647364425
1513.4383739294863,1.0004869302631967,0.0016711463078858727
1513.4390550237804,1.0019642591931324,0.0016719105119195287
1513.4397362179589,0.9984519235858378,0.0016704342599624903
1513.440417312253,1.000434269100755,0.001671243461160847
1513.4410983064372,1.00263445300426,0.0016720573176312553
1513.441779500732,0.9999903637312266,0.001671128485461578
1513.4424605949098,0.9999238850310979,0.0016713260823810016
1513.443141689204,1.0017904240797912,0.0016718355653989484
1513.4438228833824,1.00360584025358,0.0016728651204596374
1513.4445039776765,1.0012498387366542,0.0016717109554911255
1513.4451850718615,1.0009768659329983,0.0016716497494936972
1513.44586626604,1.001296661596911,0.0016718183963929242
1513.4465472603333,0.9998709183783705,0.001671371476988072
1513.4472283546274,1.0010685904834176,0.0016720166120018788
1513.4479094488051,1.0034531497042039,0.0016727023040584643
1513.448590642991,1.0018121657327022,0.00167219311313801
1513.449271737285,0.9981667408979188,0.0016707511442787856
1513.4499529314635,1.0019624932433713,0.0016721805099631799
1513.4506340257576,1.001464237668277,0.0016719987457098442
1513.4513151199353,1.0004383252364495,0.001671569888902517
1513.4519963142302,0.997223154587159,0.0016703656506375751
1513.4526773084144,1.0030856272110087,0.0016727847422983134
1513.4533584027085,0.9987589340568618,0.0016710350865720884
1513.454039596887,1.000599346536185,0.0016718616156173103
1513.4547206911811,1.0023356016812914,0.0016725227437643275
1513.4554017854753,0.9988553751675292,0.0016711712072677541
1513.456082979661,0.9984908300760038,0.0016709648143141296
1513.4567640739551,0.9970570009030529,0.00167072184726173
1513.4574451681328,1.0010432031132757,0.0016720500328478894
1513.4581261624262,0.9986537893269887,0.0016713437914555522
1513.4588073566047,1.001140238404587,0.0016721524544964451
1513.459488450906,0.9977720414744804,0.0016710876448208605
1513.4601696450845,1.0010609554170078,0.0016721202417341388
1513.4608507393787,1.0019520584442276,0.0016727366997208023
1513.4615318335564,1.0025277791080351,0.0016729237958882427
1513.4622130278512,1.0030390731390777,0.0016730130746970893
1513.462894122029,1.001020235705249,0.0016724513792141114
1513.4635751163296,1.0005637931139704,0.001672086846426429
1513.464256310508,1.0012922214507516,0.0016722899097470613
1513.4649374048022,1.0012747327772398,0.001672385489101212
1513.4656184990963,0.9990760872643683,0.0016715259069509842
1513.466299593274,1.0029798750454941,0.0016732186822839678
1513.4669807875762,0.9986472064087111,0.0016713464786433396
1513.4676618817539,1.0016250173810721,0.001672579547767557
1513.468342976048,0.998753547211617,0.0016715032165008357
1513.4690240702257,0.9994716846705591,0.001671658535432522
1513.4697051645198,0.9981620012586353,0.0016711783485195625
1513.4703862588212,1.0011536373352066,0.001672228986358814
1513.4710674529997,1.0010071579689448,0.0016721612178091877
1513.4717485472938,0.9986775391966951,0.001671223338805617
1513.4724296414715,1.0012507790930743,0.001672235929648409
1513.4731107357657,0.9942771242993772,0.0016692109840671908
1513.4737919299441,1.0015709652601128,0.0016722650370928564
1513.4744730242455,0.9985506760551423,0.0016707936766408478
1513.475154018539,1.0000418139718954,0.0016712334221190845
1513.4765163070115,0.99799974995562,0.001670156995282264
1513.4771974011965,1.004318482232603,0.0016728316442959322
1513.4778785954913,0.996981229682146,0.0016698421552754283
1513.4785596897855,1.00070727641806,0.0016709687739899285
1513.479240883964,0.9992302853218001,0.0016703815727930912
1513.479921978258,1.001177234887028,0.0016709660525432608
1513.480602972435,0.9972824309565727,0.001669045347089385
1513.4812840667364,1.0018441547323194,0.0016708718338789407
1513.4819652610313,0.9999953734159223,0.001669951206204757
1513.482646355209,0.9996831222025887,0.0016695640122690394
1513.4833274495031,1.0006137829075654,0.0016700451978438541
1513.4840086436816,1.00136792932621,0.001669810015394436
1513.484689737983,0.9988616260863005,0.0016685945370734131
1513.4853709322779,0.9996635576588461,0.0016689137752314142
1513.4860519264548,0.9982964955892145,0.0016681368121296445
1513.486733020749,1.0019461903507523,0.0016694844309059365
1513.487414115043,1.001846815877596,0.0016690188378530705
1513.4880953092215,1.001698958828647,0.0016691701173822734
1513.488776403523,1.00114120426849,0.001668551485826492
1513.4894575977014,1.0011867925099012,0.0016684969375614128
1513.4901386919955,1.0008692546218192,0.001668061767206987
1513.4908197862896,1.0013256328168243,0.001667909300082708
1513.4915007804739,0.9997601016055895,0.0016674545590684782
1513.4921819747688,0.9977404223998908,0.0016661489103214644
1513.4928630690629,0.9971405568775045,0.0016657460557909438
1513.4935441632406,0.9996947003324793,0.0016664654596822716
1513.4942253575355,1.0032385911019686,0.001667922947056755
1513.4949064518296,1.0012492893074738,0.0016668426420923797
1513.4955875460146,1.000917151132481,0.0016665941073820995
1513.4962687403095,1.0009635944983963,0.0016663202280526829
1513.4969498346036,1.0014334502459938,0.0016663478228649863
1513.4976308287805,1.0000441811493344,0.0016655800949719934
1513.4983120230754,1.0001635505274635,0.0016654472107672984
1513.4989931173768,0.9984276795067355,0.0016647152541647467
1513.5010365001435,0.9997362309119388,0.0016647691366072045
1513.5017175943212,1.002998867232788,0.0016660130101227506
1513.5023986886154,0.999476288435006,0.001664365491459045
1513.5030797829168,1.0027147685950448,0.0016656931245720237
1513.5037608772109,1.0007473363757031,0.0016647624386052298
1513.5044419713886,0.9998685122029557,0.0016640157650194354
1513.5051231656835,1.0031367514985103,0.0016651875674178816
1513.5058042599776,1.0006284971983854,0.001664202639913474
1513.5064853541626,1.0023323742682526,0.0016648312671330634
1513.5071665484575,1.0031039902845378,0.0016651575266313512
1513.5078476427516,0.99989847308453,0.0016639343456339498
1513.508528637045,0.9984504889239854,0.0016631338568005682
1513.5092098312234,1.0012881851339301,0.0016642930266014514
1513.5098909255248,0.9999735494503553,0.0016637938721655858
1513.510572019819,1.001538771420675,0.0016642593140893196
1513.5112532139974,0.9990043811389451,0.0016632875679409925
1513.5119343082915,0.9993402793037337,0.0016634799791501575
1513.5126155025864,0.9986243683425184,0.0016628964614191408
1513.5132965968805,1.0009211662818598,0.0016642765609046234
1513.5139775910648,1.0001081896600228,0.001663654804879017
1513.5146586853589,0.9978032060925489,0.0016628457052496714
1513.5153398796538,1.0009290823177242,0.0016640712027941968
1513.516020973948,1.0013312672147348,0.001664343998684836
1513.5167020681256,0.9991083232286205,0.0016634082097500356
1513.5173832624278,0.998561924298644,0.00166366132021916
1513.5180643567219,1.0017531534062838,0.0016649738733301783
1513.5187454508996,1.0017977026156493,0.0016651586253965906
1513.5194266451945,0.99877991554529,0.0016639920323489553
1513.5201076394878,0.9989648663961294,0.0016644147687173384
1513.5207887337892,1.0004640477679656,0.001665180378497757
1513.5214699280841,1.0001367570326003,0.0016652947574447895
1513.5221510222618,0.9989730955018653,0.0016648279136033315
1513.522832116556,1.0033783030328094,0.001666749020771712
1513.52351321085,0.9999278577913218,0.0016655372843560777
1513.524194405145,0.999984997473318,0.0016658952845564686
1513.52487549933,1.00131174078029,0.0016666037081140659
1513.525556593624,1.0039891937861216,0.0016680309824216118
1513.5262376879182,1.0002774381613524,0.0016665384557440382
1513.5269187822123,0.9997182453486351,0.0016666339778366689
1513.52759987639,1.0010936428104196,0.0016674972338927149
1513.5282810706922,0.9976653298372129,0.0016660440294418665
1513.5289621649863,0.9992771317923117,0.0016670874760244055
1513.5296432592804,1.0011062196374394,0.0016681006851674044
1513.5303244535753,0.9975484577339969,0.0016667592389100348
1513.5310054477522,0.9994584189019337,0.0016680157424458337
1513.5316865420536,0.9993713521571752,0.0016678842084288025
1513.5323676363478,0.9995164846607497,0.0016680418681185249
1513.5330488306427,1.001048002637892,0.001668856134317357
1513.5337299249368,1.0000093518971713,0.0016686787973198738
1513.5344110191145,1.0030931024150251,0.001670122208243384
1513.5350922134094,0.9994636020145786,0.0016685670784408967
1513.5357733077108,1.0007443320638503,0.0016693467425788926
1513.5364543020041,0.9969820924524878,0.0016680964717603172
1513.537135496299,0.9983975105786163,0.001668815229788441
1513.5378165904767,1.001200178599005,0.0016696971798941902
1513.5384976847781,1.000042973213527,0.00166950500498876
1513.539178879073,0.9987971475337227,0.0016688687589123796
1513.5398599733671,1.000133221730026,0.0016695353625372532
1513.540541167662,0.9991120793697768,0.0016690880811292105
1513.5412222619561,0.9971145032007458,0.0016683099461281294
1513.5419033562503,1.000439481457448,0.001669560333322913
1513.5425843504345,0.9982568127094141,0.0016688506210923572
1513.5432655447294,0.9995591618286961,0.0016692903069699884
1513.5439466390235,0.9991284413109198,0.001668908315469156
1513.5446278333184,0.9993661827788655,0.0016691717821301895
1513.5453089276125,1.0020505840373328,0.0016699296119603176
1513.5459900217975,1.000141177715811,0.0016692481952194451
1513.5466712160924,1.001970292080377,0.001670006222045802
1513.5473523103865,0.9975953682376195,0.001667910790215778
1513.5480333046798,0.9991060554281517,0.0016687310125472969
1513.5487144989747,0.9991958721259616,0.0016683947399658066
1513.5493955932689,1.0003715103735422,0.0016687684542129855
1513.5500766875703,0.9992775425125228,0.0016683579575917133
1513.5507577818644,1.0002135864123414,0.0016686004518351105
1513.5514389760428,0.999975982028485,0.00166834280164632
1513.552120070337,0.9981278040282786,0.0016675605749155544
1513.552801164631,1.0006956620053122,0.0016684473663133035
1513.5534822589325,1.000442799639169,0.001668426759588772
1513.5541633532266,1.0024066889361463,0.001669062238256785
1513.5548444475207,0.9978204230436825,0.0016671196605842929
1513.5555256418156,0.9976720989345215,0.001666829641728445
1513.5562067361097,0.9994145939566592,0.0016674515394880262
1513.5568878302947,0.9992629556597781,0.001667631627667599
1513.5575689245888,0.9964645010069614,0.0016661277342100282
1513.5582501188837,0.9997835779749755,0.0016674264512051326
1513.5589312131779,0.9995893804985397,0.0016673285724175535
1513.5596122074712,1.0020573167050197,0.001668203909915997
1513.560293401766,1.0007410555846437,0.0016675148131604198
1513.5609744960675,0.9990693282658597,0.0016668176047635436
1513.5616555903616,0.9989765808199146,0.0016667677937822689
1513.5623367846565,0.9997176165490005,0.0016668200595570586
1513.5630178789506,0.9978951791600907,0.0016661584933927009
1513.5636990732455,1.0017620306043293,0.0016674427671367089
1513.5643801674305,1.0023672145883795,0.0016678312512014813
1513.5650611617239,1.0014901350533503,0.0016673779424618532
1513.565742256018,0.9990556215346751,0.0016666272613444354
1513.5664234503129,0.9980131619836276,0.001665740946003425
1513.567104544607,0.9963329273254282,0.0016653960384915057
1513.5677857389092,1.0010218180215922,0.001666911722213654
1513.5684668332033,0.9990470857927376,0.0016661951210627073
1513.5691479274974,0.997040288104947,0.0016652875710240229
1513.5698291217923,1.0033703295713512,0.0016677880374909267
1513.5705101160856,0.9995290480823973,0.001666264873470102
1513.571191210387,1.0013326845221588,0.0016671625508883911
1513.5718723046812,0.998905151251744,0.0016659709502386615
1513.572553498976,1.0012071867111856,0.0016668983713843343
1513.5732345932702,0.998973025818528,0.0016657909600605882
1513.573915787565,1.0004949871255573,0.0016666301618386153
1513.5745968817428,0.9999293148248876,0.001666746466582173
1513.5752779760442,1.0008968744829927,0.0016668108892147174
1513.5759589703375,1.0006724175892525,0.001666900073160738
1513.5773212589265,1.0018305222900687,0.0016671882614003072
1513.5780023532207,0.9989020070342451,0.0016661890043909592
1513.5786835475228,1.0007909227152556,0.0016668740594474457
1513.579364641817,1.0013880902623467,0.0016670152889249011
1513.580045736111,1.0013961984707263,0.0016671937175487897
1513.580726930406,1.0005087315056236,0.0016668718674503894
1513.5814080247,1.0020956164422654,0.0016673929324615886
1513.5820890190007,1.0016730995964545,0.0016672287891389044
1513.5827702132956,0.9986581932021007,0.001666100656330001
1513.5834513075897,0.9982673015457557,0.0016660091407752116
1513.5841324018838,1.0002141196713397,0.0016667307566501808
1513.584813496178,1.002182980633544,0.0016674230353853725
1513.5854946904728,0.9977635982303193,0.0016658020742291505
1513.5861757847742,0.9962816484134341,0.0016653460006989787
1513.5875379733625,0.9986216962739107,0.0016662438994969418
1513.5882190676566,0.9995375627091384,0.0016667540831969113
1513.5889001619507,1.0005655556053212,0.0016672796919343386
1513.589581356253,1.0003576160043535,0.0016671116810027104
1513.590262450547,0.9994065564481942,0.001666981981207675
1513.5909435448411,1.0016945390720062,0.0016676288384960974
1513.591624739136,1.000425027169202,0.0016672210139229797
1513.5923058334301,0.9992525325513629,0.0016667525442012926
1513.5929868277308,0.9997675521103203,0.0016668611558202393
1513.5936680220257,1.000564834550335,0.0016673552548090707
1513.5943491163198,1.0012644132507702,0.001667855783419404
1513.595030210614,0.9986920433750642,0.001666444701266436
1513.5957114049088,1.000021205091085,0.0016672257520105491
1513.596392499203,0.9979710838067652,0.0016664794779707162
1513.5970735935043,0.9986546051529891,0.0016666939857827843
1513.5977547877992,1.0012687178488875,0.0016680167496774265
1513.598435782209,0.9985864054617486,0.0016666378614791037
1513.599116876503,1.0018095942154426,0.00166808987040791
1513.599798070798,0.9994639137977057,0.0016671893033517716
1513.6004791650994,1.0009072879039893,0.0016675976669474383
1513.6011602593935,1.0010192892434153,0.0016675964377845301
1513.6018414536884,1.0004739676991437,0.0016673729734926035
1513.6025225479825,0.9986780454474297,0.001666892740481247
1513.6032036422766,1.0011262200770037,0.0016676757666539256
1513.6038848365715,0.9957305746525316,0.001665532681322261
1513.6045658308722,1.0017529666576155,0.0016679325426335015
1513.6052469251663,0.9997507609816346,0.0016671668699118822
1513.6059281194612,0.9995730828756964,0.001666895163219382
1513.6066092137553,0.9993067008828077,0.0016670577823728976
1513.6072903080567,0.9978345584739037,0.001666152059134286
1513.6079715023516,1.001198623261805,0.0016675453482393016
1513.608652596762,1.0032693445011356,0.0016682623091181618
1513.6093336910562,1.0035754952033713,0.0016683896810453403
1513.6100147853504,1.0013125542213166,0.0016675209130094396
1513.6106958796445,0.9987680670557768,0.0016666246033003973
1513.6113769739459,1.0003490825418584,0.0016669975978771546
1513.61205806824,1.0013123788507534,0.001667417887671472
1513.612739262535,0.9983672928059794,0.0016658905807490768
1513.613420356829,0.9967074240425294,0.0016657648271530417
1513.6141014511231,0.9982227871132208,0.0016661823145002245
1513.6147826454253,0.9989628356139233,0.0016663307194077206
1513.6154636397187,0.9987049327368073,0.0016660238222910885
1513.6161447341292,0.9990531112228876,0.001666482364200153
1513.6168258284233,0.9986680697331511,0.0016659362567950746
1513.6175070227182,0.998385820546835,0.00166623120598154
1513.6181881170196,1.001087445856931,0.001667252825945004
1513.6188693113145,0.9988360625235172,0.0016660921728860727
1513.6195504056086,0.9986333980555843,0.0016663231309402044
1513.6202314999027,0.9986069790795684,0.001666262254915204
1513.620912494196,0.9976680456057406,0.0016658787908150063
1513.6215936884983,0.9997412370294324,0.0016666569390546599
1513.6222747829088,1.0002315980770407,0.0016664854381669388
1513.622955877203,0.999238415557905,0.0016664637257004687
1513.6236370714978,0.9995308006000487,0.0016667178305199133
1513.624318165792,0.9977305355047411,0.0016657157198502542
1513.6249993600868,1.0000253795429115,0.0016668521354683647
1513.6256804543882,1.0018507110016903,0.0016674403293416285
1513.626361648683,1.000028612406057,0.0016668382769311602
1513.627042543092,0.9978758764243627,0.0016660558975265987
1513.627723737387,0.9966504032667142,0.0016654990322403568
1513.628404831681,0.9948187871828951,0.0016649523800018782
1513.629086025976,0.9975948528104055,0.0016659368173879167
1513.6297671202774,0.996808953841407,0.0016656394287135935
1513.6304482145715,0.9966470492757962,0.0016658309272691639
1513.6311294089828,0.9962876422361735,0.0016654827801125746
1513.631810503277,0.9955579124689641,0.001665232561852054
1513.6324914975776,0.9944265976503041,0.0016647633777166692
1513.6331726918725,0.9972356447502243,0.0016660595219499597
1513.6433894066504,0.9937808407483666,0.0016648269654207636
1513.644070400951,0.9942625807798856,0.001665079900038366
1513.644751595246,0.9905846120441618,0.0016633519026479767
1513.6454326896564,0.9943362946100116,0.0016650727974329292
1513.6461137839506,0.9908573064862662,0.0016636869781441021
1513.6467949782455,0.9936231478383213,0.0016649103384378365
1513.6474760725469,0.9924634226755822,0.0016642880247866659
1513.6481572668417,0.9919585430219449,0.0016643090857186317
1513.6488383612523,0.9927869852290376,0.0016644138501110636
1513.6495193555456,0.9898958205781131,0.0016632788239225396
1513.6502004498398,0.9915257406632585,0.0016641232001778537
1513.650881644142,0.9923750755748306,0.0016644837297287603
1513.6515627385525,0.9895587426046769,0.0016631811630351194
1513.6522439328473,0.9898938744324125,0.0016635573305963242
1513.6529250271415,0.9919733632321167,0.0016642671004991187
1513.6536061214356,0.9893539564726759,0.0016630752138303577
1513.654287315847,0.9920965288805251,0.0016644026671648144
1513.6549683101475,0.988170587509797,0.0016627861325288495
1513.6556494044416,0.9864136101071489,0.001662153771579987
1513.6563304987358,0.9909167226964678,0.0016639595574586786
1513.657011693147,0.990562784016044,0.001663964411976493
1513.6576927874412,0.9870495624450237,0.0016624856459187866
1513.6583739817434,0.991655358394064,0.0016645149626696135
1513.6590550760375,0.9881498853248231,0.0016628714456923888
1513.659736170448,0.9879169012130647,0.0016630210353894464
1513.6604171647414,0.9890433887060128,0.001663374437353718
1513.6610983590363,0.9888550671353727,0.0016635620828381662
1513.661779453454,0.9876338758780819,0.0016629821790657444
1513.6624605477482,0.9872591246351744,0.0016629169239264002
1513.663141742043,0.9850081540876534,0.0016620313965704377
1513.6638228363372,0.9852381609504715,0.0016621633963372026
1513.6645039307477,0.9851884074973033,0.0016623576633393463
1513.6651851250426,0.9875337611454925,0.0016629995105745736
1513.665866219344,0.9839940970880174,0.0016618839566047401
1513.6665472137538,0.9840551674445247,0.001661893035873846
1513.6672284080487,0.9874140947288202,0.0016633058032156653
1513.6679095023428,0.9836431455539946,0.0016617803987644122
1513.6685905966442,0.9845544627034577,0.0016621688748059578
1513.6692717910555,0.9839917967602426,0.001662033053489672
1513.6699528853496,0.9862124606883059,0.001662734545118018
1513.6706339796438,0.9853834550922221,0.0016626174669931576
1513.6713150740543,0.9846705088133975,0.0016622672713051895
1513.6719961683484,0.9856182620550132,0.0016626209499442054
1513.6726772626498,0.9852675717091665,0.0016624399111283149
1513.6733583570604,0.9857056182668581,0.0016626992161768313
1513.6740395513552,0.9863934947881047,0.0016628682639996959
1513.6747206456494,0.9838325494006109,0.0016621064380747685
1513.67540174006,0.9843316204802682,0.0016619879774322532
1513.6760829343548,0.9862617262073601,0.0016627435319239044
1513.6767640286562,0.9804038473197905,0.0016603776228729346
1513.677445023066,0.986329693004474,0.001662862545451312
1513.67812611736,0.9838445999381285,0.0016615612394101883
1513.678807311655,0.9841850739336794,0.0016615679491302235
1513.6794884060728,0.9834632514029557,0.0016612801728934394
1513.6801696003677,0.9833425880633414,0.0016609603117389877
1513.6808506946618,0.9831508834837533,0.0016609008466260307
1513.6815317890723,0.9812242583197386,0.001660020996433785
1513.6822129833672,0.9840052242732955,0.0016609696982508029
1513.6828939776606,0.9837438321821194,0.001660502745470607
1513.6835750720784,0.9866182906980391,0.0016615462103773855
1513.6842562663733,0.9832602513793248,0.0016602056020010964
1513.6849373606674,0.9864069986221676,0.0016611156269495874
1513.685618455078,0.9826792573171929,0.0016596845592809228
1513.6862996493728,0.9837485467647916,0.0016596775364184928
1513.6869807437906,0.9825392411521467,0.001659268048224307
1513.6876619380855,0.9828694082261554,0.0016589848635751585
1513.6883430323796,0.9834848422846479,0.001659275611011552
1513.6890240267894,0.9849891583501637,0.001659522729338512
1513.6897051210835,0.9821157300026686,0.00165856259539724
1513.6903863154948,0.9846463171986801,0.0016592990497007886
1513.6910674097962,0.9839106060416302,0.001658920937253717
1513.6917485040904,0.9853913441074225,0.0016592182968648795
1513.6924296985017,0.9851410327624328,0.0016590345113128937
1513.6931107927958,0.9810512436581645,0.0016572626016072092
1513.69379188709,0.9849189623156466,0.0016589326267381123
1513.6944729815077,0.9814181401574958,0.001657133305715405
1513.6951540758018,0.9818392763125806,0.0016571118757230958
1513.6958351702124,0.9866111087116456,0.00165923744672914
1513.6965163645073,0.9822387473236214,0.0016574460060776158
1513.6971974588014,0.9805551033702399,0.001656682511341127
1513.6978785532192,0.9825177261755073,0.0016572604742121644
1513.6985596475133,0.9835754705800411,0.0016576222284876597
1513.6992408419246,0.9825970038306533,0.0016574030880397992
1513.699921836218,0.9835341506759159,0.0016576754829107435
1513.700602930512,0.9816031144149863,0.001657025278502027
1513.7012841249307,0.9826595724078188,0.001657552687898304
1513.7019652192248,0.9839328478521908,0.0016583406666606279
1513.7026463136353,0.9831884861154968,0.0016578331647844533
1513.7033275079302,0.9842942267466248,0.0016582623218863823
1513.7040086023408,0.9851372120050217,0.0016588113246980597
1513.704689696635,0.9838534995465634,0.001658306800897323
1513.705370691052,0.9830311778138421,0.0016580036994499965
1513.7060518853468,0.9846670095469919,0.0016588414318347777
1513.7067329797574,0.9829732933681519,0.0016582377902443677
1513.7074141740522,0.9828989454350167,0.0016585933080538668
1513.7080952683464,0.9845611036313556,0.0016593368953939645
1513.7087763627642,0.983454680569244,0.0016591530534699295
1513.709457557059,0.9802776783452184,0.0016577507107118424
1513.7101386514696,0.9809535574859959,0.0016581959710643894
1513.7108198457645,0.9846015771946354,0.0016598499332869125
1513.7115007401735,0.984314812724565,0.001659947711163106
1513.7121819344757,0.983240554093655,0.0016596385434681814
1513.7128630288862,0.9833993492103837,0.001660422992260717
1513.713544223181,0.9812459170651778,0.0016593868419967949
1513.7142253175916,0.9829103514901738,0.0016602460621381794
1513.7149064118857,0.9814815707961287,0.0016594894409584545
1513.7155876061806,0.9835250532906106,0.0016606154038119878
1513.7162687005984,0.9825735270277111,0.0016603334949624967
1513.7169496948918,0.9836962242642325,0.001660850105563844
1513.717630889303,0.9836743061828658,0.001660930156157231
1513.7183119835972,0.9835415955637524,0.001660797698642994
1513.7189930780078,0.9841058825066082,0.0016611476035189169
1513.71967427231,0.9839349819387594,0.0016612755651199019
1513.7203553667205,0.9825630324584047,0.0016606176666246076
1513.7210364610146,0.9816788947173968,0.0016603187363399715
1513.7217175554251,0.984258103828361,0.00166116516760347
1513.7223986497193,0.9808113474755108,0.0016598129613111814
1513.723079744137,0.9816604628337134,0.0016602738875216249
1513.7237608384312,0.9829844033740108,0.0016606422590572207
1513.7244420328425,0.9835201127376042,0.0016608543843251282
1513.7251231271366,0.981696188434538,0.0016600148155941576
1513.7258042215472,0.9833223319716348,0.0016605492669865822
1513.726485415842,0.9847675660700622,0.0016611004587371127
1513.7271665102598,0.9853182355724859,0.0016613164313770013
1513.7278475045532,0.9815442393726053,0.0016599613360054125
1513.7285285989637,0.9833763259337378,0.001660317547732184
1513.7292097932586,0.9815892448925971,0.0016595488628164652
1513.7298908876764,0.9850126585469335,0.0016608168991347433
1513.730571982087,0.9824158170984271,0.0016595039664802503
1513.7312531763819,0.9850274909307993,0.0016607177159852946
1513.7319342707924,0.9811855307217541,0.001658967065657464
1513.7326153650865,0.9805145481071545,0.001658540110622459
1513.7332965594978,0.9838705928684559,0.0016598966206472377
1513.7339775537985,0.9819068725412,0.0016587386924409656
1513.734658648209,0.9837613256064718,0.0016595809084027358
1513.735339842504,0.9818068190045055,0.0016586073785604524
1513.7360209369144,0.9836728326508861,0.001659240649881405
1513.7367020312086,0.9839426652363579,0.0016593878317944619
1513.7373832256271,0.9829878557703801,0.0016589265527455132
1513.7380643199212,0.9861375258966962,0.0016599985952307887
1513.7387455143325,0.9826044012389242,0.001658987217885814
1513.7394265087423,0.9837595883154849,0.0016592768270322462
1513.7401076030364,0.9815028065543856,0.0016580295756789605
1513.7407886974543,0.9828989442032676,0.0016589125161647913
1513.7414698917491,0.9839350338365878,0.0016591650399130997
1513.7421509861597,0.9855405155711658,0.0016600915517647516
1513.742832180571,0.98214699147476,0.001658915851387113
1513.743513274865,0.9834787763346654,0.0016592972679153107
1513.7441943692756,0.982095565334277,0.001658748849444093
1513.7448753635763,0.9832448765065447,0.0016591768455698082
1513.7455565579876,0.9843839448898964,0.0016597189874511642
1513.7462376523981,0.9856879519493569,0.0016608207110310185
1513.746918846693,0.9828117509556656,0.0016593784068840488
1513.7475999411035,0.9848509876378758,0.001660491532611709
1513.748281035405,0.9832228590517954,0.0016598331388682436
1513.7489621298155,0.985257632303589,0.001660710820644454
1513.7496433241104,0.9836776768183285,0.0016600257913129343
1513.750324418521,0.9857979587631716,0.0016610778437246055
1513.7510054129307,0.9859839340848509,0.0016614645821059894
1513.7516866072256,0.9870846098433589,0.00166187582354958
1513.7523677016434,0.983030123451706,0.0016606535066031154
1513.753048796054,0.9830913653177684,0.0016606727962168479
1513.7537299903488,0.9854700066926028,0.0016615158865264392
1513.7544110847593,0.9842894897498954,0.0016612570420097628
1513.7550921790535,0.9838667873252156,0.0016610015210540186
1513.7557732734713,0.9831899699297941,0.0016610185605052668
1513.7564543678818,0.9806366660972168,0.001659932470506603
1513.757135462176,0.9832070977291659,0.0016610112391053262
1513.7578165565865,0.9839468066316798,0.00166135961097365
1513.7584977508814,0.984882111208756,0.001661846413121195
1513.7591788452992,0.9834116084847672,0.0016609485632127872
1513.7598599397097,0.9831227091296892,0.0016608521880341562
1513.7605411340046,0.9794876114982611,0.0016591118258013743
1513.7612222284151,0.983825309556426,0.001660883494826741
1513.761903222825,0.9838316233296254,0.0016609803388876678
1513.762584417127,0.9856287949816261,0.0016613918746874329
1513.7632655115376,0.9852280978813058,0.0016610876967736777
1513.7639466059481,0.982086384821377,0.0016594776852606327
1513.764627800243,0.9827331006771592,0.0016598480474248035
1513.7653088946536,0.9816836001249813,0.0016591089224931937
1513.7659900890649,0.9810250729838542,0.00165877711354543
1513.7666711833663,0.9815936246205409,0.0016585442469570872
1513.767352177776,0.9843774318657922,0.001659389333720922
1513.7680332721866,0.9806779846865322,0.0016577449557501503
1513.7687144664815,0.9838221602807362,0.0016589121396044066
1513.769395560892,0.9829799539394728,0.001658101346076991
1513.7700766553098,0.984480523199476,0.0016587492798594838
1513.7707578496047,0.9835984458031838,0.0016579873967125956
1513.7714389440152,0.980537756365981,0.0016563320554670595
1513.7728012327207,0.981698702079064,0.0016564755278377125
1513.7734822271377,0.9836667129864716,0.0016571660114029017
1513.7741633215483,0.9826549365815347,0.0016564968514075765
1513.7748445158431,0.9848493868530399,0.0016573351627724923
1513.7755256102537,0.9824811408665284,0.0016559369422179167
1513.7762067046642,0.9821315334402259,0.0016556928082730987
1513.7768878990755,0.9807453071317724,0.0016548863291737728
1513.777568993377,0.9830505540259725,0.0016557259352711026
1513.7782500877875,0.9839400488069984,0.0016559699176176216
1513.778931182198,0.9840848172088383,0.0016559169755508433
1513.7796122764921,0.9801329466982501,0.0016543166851339898
1513.7802933709027,0.9816269843696568,0.0016548991539212649
1513.7816556597318,0.9817478556679654,0.0016544351035122867
1513.782336754026,0.9818634237748203,0.0016547936136018977
1513.7830178484364,0.9819915929258481,0.0016546185270989746
1513.7836990428477,0.9831374628940789,0.0016552260075101148
1513.7843800371484,0.9823675039857408,0.0016547176288250506
1513.785061131559,0.9788504177872466,0.001653152186814502
1513.7857423259702,0.9823243206749394,0.00165515651871003
1513.7864234203807,0.9836534465883563,0.0016554100541071731
1513.7871045146749,0.9828231807030628,0.0016555257239502694
1513.7877857090862,0.981024988814721,0.0016547012413176078
1513.7891478979145,0.9816936114059249,0.0016551726580320686
1513.7898288922079,0.9820640822638872,0.0016558112097567114
1513.7905100866192,0.9793654677142065,0.001654662215835504
1513.791191181037,0.9844078345936644,0.0016569138182522113
1513.7918723754483,0.9819148919444023,0.0016561636189968726
1513.793234564153,0.9827511643953881,0.0016568407527427984
1513.7939157585643,0.9817394389243612,0.0016567171286825482
1513.7945968529748,0.9825543416665427,0.0016570082625041885
1513.7952779472762,0.9804663017975344,0.0016564275042732306
1513.795958941686,0.9811411769500181,0.0016569742434369857
1513.7966401360973,0.983313648560053,0.0016579196416127977
1513.7973212305078,0.9833008981986661,0.001658021546036611
1513.798002424919,0.9858015052492788,0.0016593391910991887
1513.7986835192132,0.9821750220043444,0.0016579270222228408
1513.799364613631,0.983742056601563,0.001658847638710016
1513.8000458080423,0.9827607744905886,0.0016585682545363853
1513.8007269024529,0.982055892457303,0.0016584712876227935
1513.8014078968627,0.9829990243510813,0.0016589948713717731
1513.8020890911575,0.9837061760679083,0.0016593110718374875
1513.8027701855754,0.9825984040503055,0.0016593177658776265
1513.803451279986,0.9814713369693471,0.0016587338496067325
1513.8041324743972,0.9822203740411322,0.001659304297192077
1513.8048135688077,0.9817151180759687,0.0016591390928727772
1513.8054946631019,0.9825126241031703,0.001659344474098771
1513.8061757575197,0.9841214277632083,0.0016602383507168584
1513.8068568519302,0.9844505143589787,0.0016603299396337735
1513.8075379463407,0.9845780453818711,0.001660392246843348
1513.808219140752,0.981314475063123,0.0016591909971573509
1513.8089002350462,0.9871915715116348,0.0016617244928215794
1513.809581329464,0.9842930677590513,0.0016605390942387522
1513.8102624238745,0.9840880065400642,0.0016603572056034478
1513.8109436182858,0.9827788328785038,0.0016599129604818348
1513.8116247126964,0.9832187061302148,0.0016601324610920837
1513.8123057071061,0.9839194943685589,0.001660301835294045
1513.812986901401,0.9823814304420168,0.0016596555523303315
1513.8136679958188,0.981053888621323,0.0016589743442782952
1513.8143490902294,0.9832687417939506,0.0016600201005288772
1513.81503018464,0.9841199391690245,0.0016603552096417964
1513.8157113790512,0.9820482553038211,0.0016593195080793776
1513.8163924734617,0.9793446311372846,0.0016581365668929453
1513.817073667764,0.9804330071258407,0.0016584605727418627
1513.8177547621744,0.9819874421730945,0.0016592450429854541
1513.8184357565842,0.9819875262680118,0.0016590002318985842
1513.8191168509948,0.9835691755708066,0.0016598272535537915
1513.819798045406,0.9820786232593909,0.00165894112375198
1513.8204791398239,0.982964159154501,0.001659348019450173
1513.8211602342344,0.9848580986227016,0.0016601057094242713
1513.8218414286457,0.9810683703065673,0.001658195104796337
1513.8225225229398,0.9814672802065487,0.0016584853407554199
1513.8232037173511,0.9827861386742116,0.001658898300995241
1513.8238847117682,0.9833813246908955,0.0016590209916456716
1513.8245658061787,0.9809352131367407,0.0016580397330276336
1513.8252469005893,0.9797263872751941,0.001657373239893889
1513.8259280950006,0.984306255489452,0.0016592227076252376
1513.826609189411,0.9855570368649823,0.0016595280789403221
1513.8272903838224,0.9833571986415555,0.0016583863877690913
1513.8279714781238,0.9827381519022005,0.001658524559790333
1513.8286525725343,0.9804664865061056,0.0016573564906282165
1513.8293335669441,0.9826824537896771,0.0016581556404996075
1513.8300147613554,0.9830043163437039,0.0016580366942574374
1513.830695855766,0.9833530778989262,0.0016582740645098416
1513.8313770501845,0.9805474252560112,0.0016567409222257908
1513.832058144595,0.9806168065196355,0.0016569659791854823
1513.8327392390056,0.9839585028917434,0.001658258637597992
1513.8334203334161,0.9819368760095474,0.0016572809256866381
1513.8341015278274,0.9812216833981696,0.001656962733694926
1513.8347825222445,0.9844477420761741,0.0016579862928031328
1513.8354636165386,0.9821859268668386,0.0016570239911477649
1513.83614481095,0.9816194462738197,0.001656860991655729
1513.8368259053605,0.9821625106174188,0.0016572159228449607
1513.8381881941823,0.9807683471759284,0.0016563474718460877
1513.8388692886,0.9836483835606598,0.0016574762748156177
1513.8395503830106,0.9847062081415414,0.0016578022363703865
1513.840231577422,0.9821692957552791,0.0016567271917681
1513.8409125718317,0.9827372904783616,0.0016567390909247915
1513.8415936662423,0.9837286847617644,0.0016570815504307454
1513.84227476066,0.9832326864214392,0.001656947993840463
1513.8429559550714,0.9846227177664432,0.0016577586782234688
1513.843637049482,0.9819793892893218,0.0016564573876272834
1513.8443181438925,0.9863917820672763,0.0016582058610161686
1513.8449993383038,0.9812686931895073,0.0016557834216534427
1513.8456804326051,0.9840961917401443,0.001657300188950865
1513.846361427015,0.9835838432549006,0.0016568043446284265
1513.8470426214262,0.9839698100590406,0.0016568831394211255
1513.8477237158368,0.9850457899267014,0.0016572825026814667
1513.8484048102473,0.9828183251870776,0.0016565159579247507
1513.8490860046586,0.9825651185457785,0.0016559358599610731
1513.8497670990764,0.985107244630361,0.0016571219926523062
1513.8504482934877,0.9830566507827438,0.001656214004385626
1513.8511293878983,0.9825155879424836,0.0016562807950720889
1513.851810382308,0.9835414624302048,0.0016563711905075048
1513.8531726711371,0.9845697013544654,0.0016567477054901672
1513.8538537655477,0.9847786547697416,0.0016567133799202075
1513.8545348599582,0.9870994214358054,0.0016579336678889554
1513.8552160543695,0.9846199560127987,0.001656883684925969
1513.85589714878,0.9849510218823883,0.0016569047622210177
1513.8565783431914,0.9842571744633195,0.0016565027563892078
1513.8572594376092,0.9834889908211766,0.0016563258655392563
1513.857940432019,0.9866926987866733,0.0016577375101902525
1513.8586215264295,0.9880968538407997,0.0016584080688565634
1513.8593027208408,0.9825501878522838,0.00165573332458028
1513.8606649096691,0.9861201512977775,0.0016572442140661348
1513.8613461040804,0.9849989930445096,0.0016567335650462544
1513.862027198491,0.9840208489781467,0.001656346166017098
1513.8627082929015,0.9843108936287509,0.0016565273436331916
1513.863389387312,0.9862218407432244,0.0016571082886886967
1513.8640704817299,0.983289583673983,0.001655982511592484
1513.8647515761404,0.9823163404933425,0.0016553751029886106
1513.8654327705517,0.9849684645464182,0.0016567422624841322
1513.8661138649622,0.9834316230274308,0.0016561901499564642
1513.8667949593728,0.9827901172711462,0.001655686138731884
1513.867476153784,0.9848140185701652,0.0016565582919836554
1513.868157248202,0.9862378800341806,0.0016571986883090828
1513.8688382426117,0.9861329296240774,0.0016571384195691995
1513.8695193371386,0.9853809871601444,0.0016568112729101255
1513.87020053155,0.9857519963959891,0.0016569058178874203
1513.8708816259677,0.9865146375038404,0.001657320865852038
1513.8715627203783,0.9827358276154948,0.001655624796153124
1513.8722439147896,0.9870285100551974,0.0016574250288885466
1513.8729250092001,0.9888756816694965,0.0016581778405723006
1513.8736061036107,0.9864450926742439,0.0016572871316059246
1513.8742871980212,0.9844273780876897,0.0016564897405577338
1513.874968292439,0.9843653104814817,0.0016565334906608067
1513.8756493868495,0.9864426928600796,0.0016572801726946753
1513.87633048126,0.9902153251117688,0.0016591690656930346
1513.8770116756714,0.9845473327168228,0.0016568180785461169
1513.877692770082,0.9901442070100958,0.0016590561312698044
1513.8783739645005,0.983803126735306,0.0016563989718702521
1513.879055058911,0.9871250518952608,0.0016579765159499976
1513.879736153438,0.9893547211686786,0.0016591291631480193
1513.8804171478478,0.9901520682903999,0.0016591177781166597
1513.881098342259,0.9889582516321741,0.0016586389647140723
1513.8817794366769,0.9887059452028394,0.0016587217634798062
1513.8824606310882,0.9866953614350912,0.0016579330004016601
1513.8831417254987,0.9912078010227188,0.0016599309829180339
1513.8838228199093,0.9903750647276778,0.0016597068047937002
1513.8845040143206,0.9879961692654916,0.0016587422863469487
1513.885185108731,0.9873410388551591,0.0016585879191226077
1513.8858661031481,0.9894442639448409,0.0016598180207959088
1513.8865472975594,0.9891186413486494,0.0016595809725972808
1513.8872283920864,0.9880608057165449,0.0016591493422004222
1513.887909486497,0.989291179931416,0.0016598704558817034
1513.8885906809082,0.9901188388280145,0.0016602346410905299
1513.889271775326,0.9915377608881122,0.001660789960992484
1513.8899528697366,0.9897560104033954,0.0016604120545025496
1513.890634064148,0.9915608060363155,0.001661240491659324
1513.8913150585577,0.98844325223248,0.0016599528662032564
1513.8919961529682,0.9914661780654666,0.0016613148118804519
1513.8926773475032,0.9917929475716784,0.0016616375033472852
1513.8933584419137,0.9916981973501834,0.0016616014061134107
1513.8940395363243,0.9887622458686672,0.0016607400462436389
1513.8947206307348,0.9893166210734189,0.0016606609537704712
1513.895401825146,0.9873494395099286,0.001660030397857401
1513.8960829195566,0.9862471842307086,0.001659669202463906
1513.8967639139737,0.9879907213619362,0.0016605820959945939
1513.8974451085014,0.989993938334678,0.001661473585943869
1513.898126202912,0.9907099510201515,0.0016621022472933882
1513.8988072973225,0.9944508282317496,0.0016635892466305912
1513.8994884917338,0.992179040138635,0.00166239714623906
1513.9001695861516,0.9879196502288558,0.001661134479906506
1513.9008506805621,0.9899411712843474,0.0016616565224486985
1513.9015318750899,0.9921474801694583,0.001662857615049109
1513.9022129695004,0.9928334834043837,0.0016629846485950442
1513.9028939639102,0.9913280229813303,0.001662522254758865
1513.903575058328,0.9917505813326085,0.0016625183217229083
1513.9042562527393,0.9891056336918197,0.0016616728039714397
1513.9049373471498,0.9888853836465954,0.0016616115873048436
1513.9056185415611,0.9927071259296358,0.001663005160707312
1513.906299636088,0.9889071877667606,0.0016615344534581234
1513.906980730506,0.9925551877230744,0.0016629210220926816
1513.9076619249172,0.9875193911874999,0.0016604778180759965
1513.908342919327,0.9911776731131688,0.0016619305084634968
1513.9090240137375,0.9911599029790022,0.0016621693869173378
1513.9097051082645,0.9895569540896777,0.0016611487228056704
1513.9103863026758,0.9900197405337852,0.0016615348268346306
1513.9110673970936,0.9890220381986524,0.0016609409153071821
1513.9117485915049,0.989485156900027,0.001661127261556737
1513.9124296859154,0.9911016409818431,0.0016616496101578115
1513.9131107804424,0.9923967205234875,0.0016620818806920349
1513.9137917748594,0.9920618560544758,0.0016618224160587231
1513.9144729692707,0.9890845040292849,0.001660431863634813
1513.9151540636813,0.9909734217244948,0.0016612128589513998
1513.915835258209,0.989450853364351,0.0016606112973934013
1513.9165163526195,0.9927231224967128,0.0016619070663509061
1513.91719744703,0.991080880774808,0.0016612657305811527
1513.9178785414479,0.9923957356272797,0.0016616089969709099
1513.9185597358592,0.9918563388974835,0.001661250143643914
1513.9192407303854,0.9906590210856743,0.0016610408423289918
1513.9199219247967,0.990391313386602,0.0016606232765050838
1513.9206030192072,0.9925513272104879,0.0016615290387346192
1513.9212841136177,0.9933731356191642,0.001661593560102263
1513.921965208152,0.9897265850968108,0.0016605034761911362
1513.9226464025633,0.9889636346414301,0.0016599750218626284
1513.9233274969738,0.9909379050225349,0.001660811071162999
1513.9240085913843,0.9925322684652251,0.0016614580173748028
1513.9246897857956,0.9921802634761934,0.0016614235942386001
1513.925370780329,0.9904882090211454,0.001660951293402223
1513.9260518747396,0.9876582574029081,0.0016595080931019201
1513.9267329691502,0.9913525931389501,0.001660948565003993
1513.927414163678,0.989240659156785,0.001660241208701555
1513.9280952580884,0.9887547172794885,0.0016602100967927982
1513.9287763525062,0.9894265146128416,0.0016602912988758058
1513.9294575469175,0.9918916615916211,0.0016616810899195142
1513.9301386414445,0.9915720976602717,0.0016615889243803438
1513.9308196358543,0.991614924189131,0.0016615610009879651
1513.9315008302656,0.9908045795908417,0.0016614941922035058
1513.9321819246834,0.9917083912141031,0.0016616819165439333
1513.9328630192103,0.9941755885441136,0.0016629212183727475
1513.9335442136216,0.9916082365774125,0.0016620520270159249
1513.9342253080322,0.9914508616131857,0.001662098953328262
1513.9349064025591,0.9919128682331679,0.0016623670643215235
1513.9355875969704,0.991611559296814,0.0016624098798261441
1513.9362685913875,0.9919946161301223,0.0016626654626596682
1513.936949685798,0.9928068346202068,0.0016629380933126468
1513.9376308803257,0.9920134048761661,0.0016627504040652242
1513.9383119747363,0.9914055315271519,0.001662670703015374
1513.9389930691468,0.991994643720419,0.0016631899709510887
1513.9396742636818,0.996655765706088,0.0016652541617077975
1513.9403553580923,0.994214199029625,0.001664116942318834
1513.9410365525036,0.9925706316813965,0.0016636535625135166
1513.9417175470298,0.9949249694942517,0.0016646918992048257
1513.9423986414404,0.9932358232602002,0.0016640742357869505
1513.9430797358582,0.992433566296669,0.0016638516301209765
1513.9437609302695,0.9930319270095627,0.0016642876622351176
1513.9444420247964,0.9966298347187734,0.0016656698323170016
1513.945123119207,0.9950655735352061,0.0016651951407162333
1513.9458043136183,0.9962591751757726,0.0016657314828032964
1513.9464854081452,0.9932117963234155,0.0016645052466757015
1513.947166502563,0.996291788646428,0.0016660167176809906
1513.9478475969736,0.9958273658388748,0.001665746016706482
1513.9485286915005,0.997760775625381,0.0016665310642445925
1513.949209785911,0.9983083616544234,0.0016666873922830433
1513.9498909804388,0.9965131396000979,0.001665788530960863
1513.9505720748566,0.9985775939862384,0.0016667407756045546
1513.9512531692671,0.9941913851987204,0.0016648526434838414
1513.9519343637949,0.9954461387063972,0.0016655856008485647
1513.9526154582054,0.9984023333975082,0.0016665216482275222
1513.9532964526152,0.9981525683061415,0.001666542621680466
1513.9539775471494,0.9967852571461858,0.0016656805398791888
1513.9546587415607,0.9990663191196326,0.0016664556495552486
1513.9553398359712,0.9989465000918296,0.0016666405045030225
1513.9560209304982,0.9976521173037821,0.0016658765417859845
1513.9567021249095,1.0009976841049295,0.0016670398719653722
1513.95738321932,0.998751233753953,0.001665988544917045
1513.9580643138543,0.9970772255001056,0.0016652583643669769
1513.9587454082648,1.000778668546255,0.0016666696043268296
1513.9594265027918,1.001245071396141,0.0016667918622851345
1513.9601075972023,1.001208684434849,0.0016666837867456692
1513.96078869162,1.0014381989475545,0.0016664431602690583
1513.9614698861478,1.001391260393083,0.0016662280002112434
1513.9621509805584,0.9999068745563097,0.0016657330196349622
1513.9628321749697,0.9984493779754838,0.00166498900426308
1513.9635132694966,1.0000802658450052,0.0016654975867082184
1513.964194463908,0.9974902638989314,0.0016643144182972608
1513.9648753584406,1.0025869273753454,0.0016661231822459675
1513.965556552852,1.000191622832454,0.0016651865004068086
1513.9662376472625,1.0004984433242066,0.0016650501724014908
1513.9669188417902,1.0022563578950476,0.0016655975834681596
1513.9675999362007,0.9996725382957048,0.001664451640159928
1513.9682810307277,0.9985972044302548,0.0016641105761069303
1513.9689622251462,1.0036421713055792,0.0016658580135305975
1513.9696433195568,1.0000571094151118,0.0016641612247536718
1513.970324314083,1.00354107838174,0.0016653555690884982
1513.9710055084943,1.0005776107453697,0.0016641553905408486
1513.9716866030212,1.0003159089763791,0.001663927037124458
1513.972367697439,1.0011983172140009,0.00166391835519391
1513.9730488919668,1.0044058749241136,0.00166533055192337
1513.9737299863773,1.0018618549286773,0.0016639658616908516
1513.9744110807878,1.0020903849719511,0.0016642205712148908
1513.9750922753155,1.0027642506413794,0.001664242430469133
1513.9757732697326,1.0020706861465407,0.0016637227663986412
1513.9764543642596,1.0013827963632,0.001663527727723253
1513.9771355586709,0.9997235243038252,0.0016624769566535146
1513.9778166531978,0.9987031308893283,0.0016620652504515316
1513.9784977476083,1.001341279224948,0.0016633343156379585
1513.9791789420196,0.9951019278681054,0.0016604330721095122
1513.9798600365539,1.000859691712633,0.0016626803925822227
1513.9805411309644,1.0017242037021825,0.0016629583145894734
1513.9812221254906,1.0017810587193594,0.0016629129508693072
1513.981903319902,1.0020502488575664,0.0016630075208571098
1513.9825844144289,1.003891396134003,0.001663729376453665
1513.9839467033744,0.9990054779296357,0.0016615315889250569
1513.984627797785,1.0006106887678528,0.001662034337361639
1513.9853088923119,1.00081230320499,0.0016621389695761846
1513.9859900867232,0.9993420142662802,0.001661782277856006
1513.9866711812574,1.0008837020094443,0.0016622310909314
1513.9873521756672,1.0004141974861702,0.0016618405239760463
1513.9880332701941,0.9991256546116508,0.0016615422854847686
1513.9887144646054,1.0012023727329398,0.001662509177241335
1513.9893955591324,1.001981423101587,0.0016625979523497755
1513.9900767535437,0.9982524758280298,0.0016613650376722635
1513.990757848078,1.0021412009491166,0.0016630943107554148
1513.9914389424885,0.9999528399486434,0.0016624041742828606
1513.9921201370162,0.9968634242615751,0.001661085814553702
1513.992801131426,0.9968979404713126,0.0016610017790289117
1513.9934822259602,1.000197226211152,0.001662545575238211
1513.9941633203707,0.9991725218080968,0.0016622952540219938
1513.9948445148984,1.0014139183284332,0.0016631437197136313
1513.995525609309,0.9991891368529947,0.0016621814975995536
1513.9962068038367,0.9992070760159002,0.0016626334318111124
1513.9968878982472,0.9981760498758356,0.0016620896497819208
1513.9975689927815,1.0005846950942356,0.0016631627951087696
1513.9982499871912,1.0002302631113895,0.0016628995118636999
1513.998931181719,1.0013474588736253,0.0016633824117321203
1513.9996122761295,1.0004776216047395,0.0016629680271174991
1514.0002934706572,0.9963906139254224,0.001661719467033581
1514.000974565075,1.0029521425180021,0.001664551562828555
1514.001655659602,0.9979815140036324,0.001662447033000211
1514.0023368540133,0.9996178063311892,0.001663090627193318
1514.0030179485402,1.0030900520935082,0.0016647087200942388
1514.00369894295,1.000557569046516,0.0016633142906942522
1514.0043801374777,0.9996169234933308,0.0016630279693983197
1514.005061232012,1.0000918376807815,0.0016630962920899598
1514.0057423264225,1.0018514850962665,0.0016638008363258528
1514.0064234209494,1.0020599076566543,0.0016641924601438532
1514.0071046153607,1.0005628774172413,0.001663540315606071
1514.0077857098877,1.001269547658808,0.0016636022021667399
1514.0084668043055,0.9993814040462952,0.0016627690986524882
1514.0091479988332,1.003375129593832,0.001664239088049247
1514.01051008777,1.0026621712678967,0.0016639358225840639
1514.0111912821812,1.0021401100395448,0.001663966477194051
1514.0118723767155,0.9990852191063726,0.0016622859096245076
1514.0125534712424,1.0010187105240371,0.0016629183330982115
1514.013234565653,1.001705267133629,0.0016632708399816933
1514.0139157601807,0.9984426926271155,0.0016617972677259517
1514.0145968545912,1.0013552302645612,0.001662775649890635
1514.0152778491247,0.997593130635728,0.0016613018769027347
1514.0159590436524,1.004196729822518,0.0016634797429588212
1514.016640138063,0.9995081768427414,0.0016618821329231774
1514.01732123259,1.0010589624792419,0.0016624506524801064
1514.0180024270012,0.9997750166912591,0.0016617710981210393
1514.0186835215281,1.0030357930923635,0.0016630652854392213
1514.0193646160624,0.9977990849605408,0.0016608107622924902
1514.0200458104737,1.0016331493994497,0.0016622322038599329
1514.0207268049999,1.0005266987001353,0.0016617488804031631
1514.0214078994104,1.0004677292353499,0.0016616733766558792
1514.0220890939381,0.9989781443743477,0.0016610382173665387
1514.0227701884724,1.0039546288016166,0.0016627993625861878
1514.023451282883,1.001523660968767,0.0016618361827450755
1514.0241324774106,0.9993374997972786,0.001661149678233568
1514.0248135718211,1.0003124818559335,0.0016612149356546805
1514.0254947663489,1.002066531578066,0.0016621173704008034
1514.0261757608823,0.9997783060790678,0.001661119353125003
1514.0268568552929,0.9990152778160954,0.0016610376407697836
1514.0275379498198,0.9984745899303409,0.0016608645194701435
1514.0282191443475,1.0005032828315368,0.0016616982017939636
1514.028900238758,1.0004363695079324,0.0016615830603292424
1514.0295814332858,0.9992817280569266,0.0016611098180737073
1514.0302625277036,1.0002231058685698,0.0016614834628823315
1514.0309436222306,0.9990759581154213,0.0016613010372638064
1514.0316247167575,1.0003829876241332,0.001661847851943596
1514.032305811168,1.0025102759776405,0.001662894166697798
1514.0336680002292,1.002076246980606,0.0016630416295708432
1514.0343491946405,0.9963502034695189,0.001660929573203945
1514.0350302891675,1.0019532608435076,0.0016631578732356222
1514.0357113836944,1.00241865849545,0.0016635114380875802
1514.0370736726327,1.000424034260242,0.0016629046550201692
1514.0377546671662,0.9972149763993953,0.0016615094654977472
1514.0384358615775,1.0018788602836401,0.0016637910090385672
1514.0391169561044,1.000977197926223,0.0016636005891052194
1514.0404791450492,0.9995394260505363,0.0016633749910643868
1514.041160339577,1.002185789914484,0.0016646036343376561
1514.0418414341038,1.0013189284632162,0.001664168342525125
1514.0425225285144,1.0006208978188764,0.0016638402712170729
1514.0432036230413,0.99820510946885,0.001663043947887812
1514.0438847175683,0.9971159917891356,0.001662385497237638
1514.044565811986,1.0001682328202528,0.0016639803312850753
1514.0452470065138,1.0007534509678222,0.0016644179159352216
1514.0459281010408,1.0032568063352083,0.0016652334514167773
1514.0466091955677,0.9981784621661801,0.0016631748157980078
1514.047290389979,0.9996013969519008,0.0016638534793354438
1514.0479714845133,0.999351492223135,0.0016636229968066266
1514.048652679041,0.999993111581302,0.0016638674922081335
1514.04933357345,1.0019556285135782,0.0016645370641703082
1514.0500147679777,1.000671786956016,0.0016641874163405548
1514.0506958625047,1.0007453295332405,0.0016638866748899038
1514.051377056916,1.0023028882346403,0.0016647149872086873
1514.0520581514502,0.9961824139473046,0.0016620450719062837
1514.0527392459771,0.9985349443134249,0.001662919739741032
1514.0534204405049,1.0024490345984491,0.0016641050556559925
1514.0541015349154,1.0000867189493385,0.0016631005706032173
1514.0547825294489,0.9988070222853943,0.0016625086513584767
1514.0554637239766,1.0024997776326727,0.001663779128120903
1514.0561448185035,1.0010388191733612,0.0016631071093838644
1514.056825912914,0.9987982413661777,0.0016618900171313988
1514.0575071074418,1.0010184313701098,0.0016625418208214924
1514.0581882019687,0.9974199342074548,0.0016612829269855892
1514.058869296503,1.0004679839068418,0.0016620085138137526
1514.0595504909143,0.998909544455328,0.0016610702363913541
1514.0602314854405,0.9988487244488468,0.001661031265353868
1514.0609125799674,0.9993998524810503,0.0016611133173776882
1514.0615937744951,0.9998746196209071,0.001661199015664876
1514.062274868913,1.000824591926596,0.001661314692273887
1514.06295596344,0.9992114839908659,0.0016605781129256098
1514.0636371579676,1.0025811966269746,0.0016616546670323324
1514.0643182524946,1.0023206381232963,0.00166137894838708
1514.064999346905,1.0010462491313432,0.0016608219188316109
1514.065680441432,1.0018817675394982,0.0016606548368071497
1514.0663615359663,1.0026579172432037,0.0016609302394883442
1514.0670426304932,1.0006218865467178,0.0016600259823482991
1514.0677237249038,0.9977189931707539,0.0016591180853166969
1514.0684049194315,0.9994260341627865,0.0016593639512657683
1514.0690860139584,1.0006229845797205,0.0016596550568206071
1514.0697671084927,0.998667894606779,0.0016588252717635774
1514.0704483030204,0.9998763849724456,0.0016590390514229856
1514.071129397431,0.9983849409923007,0.0016586512994940217
1514.0718103919571,0.9971850736789534,0.0016577650107154312
1514.072491486484,1.0002928442093375,0.0016589510905612153
1514.073172681019,1.0005327302993519,0.0016592435041179908
1514.073853775546,0.9992406693341638,0.0016585954833717611
1514.0745348699566,0.9980948522935716,0.001658110401567552
1514.0752160644843,0.9984722507462758,0.0016581235169225415
1514.0758971590112,0.9993841432483805,0.001658401876684584
1514.076578353539,0.9996404465639428,0.0016585275880583294
1514.0772593480724,1.0011406104576226,0.0016591539167338006
1514.077940442483,0.9973477448571594,0.001657456461733541
1514.07862153701,1.0026111534167488,0.001659492590399016
1514.0793027315376,0.9998524037766903,0.0016586345476830421
1514.0799838260646,0.9981486019161196,0.001658047833815429
1514.0806650205996,0.9999679995379374,0.0016585218312228402
1514.08134611501,0.9986729707727502,0.0016581081092170763
1514.082027209537,1.0006567912456128,0.0016588138143098033
1514.0827082040632,1.0016242106860183,0.0016592040699265787
1514.083389398591,0.9989779250066928,0.001658279141635771
1514.0840704931252,0.9962311035942814,0.001656990788845118
1514.084751687653,0.9985272417923806,0.0016582108812928113
1514.0854327821799,0.9958997160042892,0.0016571013845068942
1514.0861138765904,0.9989026428336647,0.0016582403896902148
1514.086795071118,0.9989503000321738,0.0016583550109251857
1514.087476165645,1.0000268548389586,0.0016588422359032095
1514.0881571601785,1.0008681718749923,0.0016592022679698388
1514.0888383547062,0.999756124009438,0.0016588375516315228
1514.0895194492332,1.0006225707811625,0.001659291581501429
1514.0902005437601,1.0001430367782174,0.001659182564718817
1514.0908817381714,0.9999744882083361,0.0016591429999381088
1514.0915628327057,1.0006603971032466,0.0016596257697530938
1514.0922439272326,1.0011598914919322,0.0016598313863983181
1514.0929250217596,0.9992630867396671,0.0016591771457234222
1514.0936062162873,0.9994157104931396,0.0016593103216202179
1514.0942872108135,0.9993436559187756,0.001659223754467944
1514.0949683053477,1.0006520453780838,0.0016597629033269737
1514.095649499759,0.997400902227535,0.001658363193834864
1514.096330594286,0.9996935898253524,0.0016594309517733842
1514.097011688813,0.999019538937105,0.001659562791255021
1514.0976928833406,1.0016917665036091,0.001660448497260099
1514.0983739778676,1.001255288122295,0.0016603174630214906
1514.0990550724018,1.0008454263408786,0.0016603715496217176
1514.099736066928,1.0000903057413049,0.0016601130134079193
1514.1004172614557,1.0002221855409004,0.0016602508092989998
1514.1010983559827,0.9997101974720836,0.0016599825426967484
1514.1017794504005,0.9993755440053127,0.0016600391700563942
1514.1024606449282,1.001326668404681,0.001660877385577903
1514.1031417394552,1.0004571992016507,0.0016605898766179443
1514.1038229339829,1.0008039879941264,0.0016609031513333003
1514.1045040285098,1.0025863452612334,0.0016617052944839733
1514.105185023036,0.9978357239262944,0.0016598320862638712
1514.1058661175703,1.0029423367353942,0.0016621178489636063
1514.106547312098,0.9968293776511793,0.0016595136323335402
1514.107228406625,0.9997143487641468,0.0016607245615292722
1514.1079095011519,1.000519366873544,0.0016613919939566276
1514.1085906956796,0.9992962185323061,0.001660918170521168
1514.1092717902138,0.996568739548058,0.0016599393618037985
1514.1099529847415,0.9984914267691288,0.0016607130434955176
1514.1106339791513,0.9991955459803038,0.0016610057258754402
1514.1113150736783,1.000701519104261,0.0016618775782814427
1514.1119961682052,1.0002475470418621,0.0016617694250962247
1514.112677362733,1.0025058660664612,0.0016628327659110574
1514.1133584572672,1.0006496146387767,0.0016620762252971312
1514.1140396517949,0.9975600519612979,0.0016607930522773422
1514.1147207463218,0.9998281937179376,0.0016620026599424977
1514.1154018408488,1.0034225774901062,0.001663605429000714
1514.1160829353757,0.9997922045833786,0.0016620133478924075
1514.11676402991,1.002692389869382,0.0016632740028154752
1514.117445124437,0.9964142198927322,0.001660956082971657
1514.1181262189639,1.0004002633454985,0.001662443937235563
1514.1188074134916,1.0006658159337665,0.0016625581242445656
1514.1194885080185,1.0001464349252753,0.0016623826355868538
1514.1201696025528,0.9998563227156932,0.0016622091389546334
1514.1208507970805,1.0002200302488327,0.0016624892768253223
1514.1215318916074,0.9970742029471001,0.001661510566204864
1514.1222128861336,0.9974622666922854,0.001661530559495729
1514.1228940806614,1.000381874290435,0.0016626279498840094
1514.1235751751956,1.0028382929024997,0.001663720462168394
1514.1242562697225,1.0006298078407296,0.0016629365710158289
1514.1249373642495,1.000540086948447,0.0016629039257980867
1514.1256185587772,0.998970941118249,0.0016622287252801853
1514.1262996533042,1.0029119248145084,0.0016640129560925251
1514.126980747831,0.9978971793458882,0.0016615210094740845
1514.1276618423653,1.0008519666538718,0.0016630954991589003
1514.1283429368923,0.9977106466353497,0.001661613165456385
1514.1290240314192,1.0030163426790915,0.001663888426116082
1514.129705225947,0.9983350059346283,0.0016619988315621794
1514.130386320474,0.9982523225643445,0.0016620045532863054
1514.1310674150081,1.000009199414916,0.00166234955398409
1514.1317486095359,0.9984058502837102,0.0016617496799596113
1514.1324297040628,0.99953533602038,0.0016622620484011222
1514.133110698589,0.9997423295420615,0.0016622284138208955
1514.133791793116,0.9996752605344001,0.0016621549807846981
1514.134472987651,1.0000374451120122,0.0016621248812386709
1514.135154082178,1.0004785254606168,0.001662309684951483
1514.1358352767056,1.0013341310025887,0.001662615310321593
1514.1365163712326,1.0030481029306015,0.0016631866820216324
1514.1371974657595,0.9985620374306831,0.0016613592468701002
1514.1378786602872,1.0003615800192207,0.0016617628132220843
1514.1385597548215,0.9998640279039209,0.0016616145488070485
1514.1392407493477,0.9980237703107554,0.0016608177409748314
1514.1399219438754,0.9998931205738507,0.001661761404747651
1514.1406030384023,1.0023064520436884,0.0016625437795317857
1514.1412841329293,0.9994406926969345,0.001661058099055915
1514.1419653274643,1.002509372171529,0.0016622169605613293
1514.1426464219912,0.9990355896916032,0.0016609715008772214
1514.1433275165182,1.0006484959571234,0.0016614161692337012
1514.144008711046,0.9993867144128817,0.0016609393994743047
1514.144689705572,0.9982974509839659,0.0016605071852866763
1514.1453708002227,0.9977109807491725,0.0016602414407405608
1514.1460519947505,1.0005393654484447,0.0016611777560649097
1514.1467330892774,1.0022480760739336,0.001661836842955108
1514.1474141838044,0.9988138478464451,0.001660569559476198
1514.148095378332,0.9969902816254597,0.001659838481408154
1514.148776472859,0.9977953221700886,0.0016601488387753608
1514.1494575673933,0.9998828292353762,0.0016609569101951349
1514.1501386619202,0.999829691431059,0.0016607899893675854
1514.1508197564472,0.9990932774950524,0.0016606468346538957
1514.1515008509741,0.9983787174731544,0.0016602115562731324
1514.152181945501,1.0022308675734455,0.001661769755363685
1514.152863140036,0.9969658102982991,0.001659303879101867
1514.153544234563,1.0002702475767777,0.0016609945842596537
1514.1542253292064,0.9985600749135377,0.0016601634151095432
1514.154906523734,1.0020815296794023,0.0016615753480616632
1514.155587618261,1.0010921873980705,0.0016611483716401497
1514.1562686127945,0.9981012387261886,0.0016600627969663375
1514.1569498073222,0.9993447591713749,0.0016606630282420902
1514.1576309018492,1.000440685252352,0.0016607750803350448
1514.1583119963761,1.0005103425877673,0.0016609489122826012
1514.158993090903,0.9995836294230372,0.0016606223080363812
1514.1596742854308,0.999659854959352,0.001660559958228476
1514.1603553800815,0.9974642886110261,0.0016599390511165748
1514.1610365746092,1.0001522675962642,0.001661035706427883
1514.1617175691354,0.9965957543580046,0.001659591455657013
1514.1630797581965,1.00047406881846,0.0016612024259982153
1514.1637609527243,1.0002068246532798,0.0016609972921317914
1514.1644420472512,1.0001191802556053,0.0016611297832691625
1514.165123241779,0.9995248942005521,0.0016609322789510824
1514.1658043364223,0.9986454421682386,0.0016607677121119096
1514.1664854309493,1.0031337110550074,0.001662350559518253
1514.1671664254827,0.9997901182656527,0.0016611513840596546
1514.1678476200104,0.9995631770377602,0.0016611346816115542
1514.1685287145374,0.9997716865093148,0.0016613960234597215
1514.169209909065,0.9981495874742325,0.001660701680915917
1514.1698910037085,1.0009889660208602,0.001661713262166146
1514.1705720982427,0.9989715031548355,0.0016610241234138302
1514.1712532927704,0.9982488284926044,0.0016608191219761026
1514.1719343872974,0.9980920676809304,0.0016606294858250222
1514.1726153818236,0.9999906970859572,0.0016614305321896916
1514.1732965763513,1.0002767074218775,0.0016618801614322052
1514.1739776708782,0.998884164449724,0.0016609855111014036
1514.1746587655289,1.0018963075752922,0.0016620250042218199
1514.1753399600566,1.001037067607718,0.0016620169227275097
1514.1760210545835,1.0001288451772707,0.0016616130278842298
1514.1767021491105,1.0004945073498872,0.0016618171133798163
1514.1773832436375,1.0033062815128129,0.0016628226521945275
1514.1780644382889,1.0004877327221762,0.0016615904592491323
1514.178745432815,1.000009059685729,0.0016617295715017117
1514.179426527342,0.9994811724781232,0.0016612364136158254
1514.1801077218697,0.9991911306030306,0.0016609896694931513
1514.1807888163967,0.9987031981488691,0.0016606780698547872
1514.1814699110473,0.9991602787822013,0.0016609498908266222
1514.182151105575,0.9986412377505206,0.0016606681291155727
1514.182832200102,1.000365319808413,0.0016615066713213424
1514.183513294629,1.0015568056872224,0.0016619135062892647
1514.1841942891551,1.000453938187258,0.0016611791725430747
1514.1855565783335,1.0019518599279886,0.0016619258755146192
1514.1862376728604,1.0014890566064547,0.0016614117643529134
1514.1869188673882,1.00149285334576,0.0016617033484186822
1514.187599961915,0.9988465630546334,0.0016606076348553054
1514.1882811565592,1.0008737685931062,0.0016611252805816394
1514.1889622510935,1.000260738617374,0.001660716376032735
1514.1896432456197,0.9977514097060823,0.0016599489508959452
1514.1903243401466,1.0007813212292123,0.0016607810374756138
1514.1910055346743,1.000491083776119,0.0016606120076038868
1514.1916866293177,1.0011468940396469,0.0016608170823112656
1514.192367723852,1.0011401768115027,0.0016609953077562367
1514.1930489183796,1.0028626049166238,0.0016616583285994585
1514.193730013023,0.9992238362004678,0.0016598842199413105
1514.1944112075507,1.0023484237791853,0.0016610263987541464
1514.195092202077,1.0010742833268589,0.00166034210202144
1514.1957732966112,0.9972767653081267,0.0016586022897383354
1514.196454391138,0.9999694865719229,0.0016599993341692538
1514.1971355857822,1.001389347868125,0.0016601941340916846
1514.1978166803092,1.0029020707199812,0.001660758150236264
1514.198497874837,0.9987398051649752,0.0016591184765416696
1514.1991789694803,1.0010647825442804,0.0016598307534863314
1514.1998600640145,1.0025766872792843,0.0016605144088903023
1514.2005412585422,0.9992170256267967,0.0016589259229325144
1514.2012222530684,0.999735345663663,0.0016590814034958925
1514.2019033477118,1.0015510834174441,0.001659848571333349
1514.2025845422395,1.0012149566558517,0.0016595857941693794
1514.2039467313007,0.9971683977331913,0.0016579294768224377
1514.204627825944,0.9988934966140912,0.0016584405667091206
1514.2053090204718,1.0011342894947404,0.0016594944962258797
1514.2059901149987,1.0005840453529786,0.0016590288069287464
1514.2066711096486,1.0009819754668816,0.0016592626099394257
1514.2073523041763,0.9998506508003802,0.0016589466124199877
1514.2080333987033,1.0012802143602366,0.001659680385112375
1514.2087144932302,0.9991397892404488,0.0016585748944997112
1514.2093956878743,1.0022285270410791,0.0016601163810039327
1514.2100767824013,1.001227084936587,0.0016595717320153254
1514.2107578769355,1.0007279992402098,0.001659529700731656
1514.211438971579,0.9993543243289369,0.001659124359216621
1514.2121200661059,1.000025414970031,0.0016594363650856386
1514.2128011606328,1.0020462676196944,0.0016605471139504793
1514.2134822552762,1.0021596925886103,0.0016607490901488489
1514.2141634498112,1.0003281743520083,0.0016600570014552096
1514.2148445443381,0.9995202159292831,0.0016599798508840143
1514.2155256389815,0.9986880637577896,0.0016598305734520846
1514.2162068335092,0.9992036116847482,0.001660256450688673
1514.2168879280362,0.9991853986082131,0.0016603914923216069
1514.217568922686,0.9995232487806001,0.001660686365288753
1514.2182501172138,0.9986885199053096,0.0016604859504609443
1514.2189312117407,1.0004754784785366,0.0016613009512598087
1514.219612306384,0.9991149328025191,0.0016613375737689674
1514.2202935009118,0.9955140396628338,0.0016598041034283806
1514.2209745954387,1.0000336757333186,0.001661798287487177
1514.2216556900894,0.9979634444002881,0.001661281989178605
1514.222336884617,0.9983057023191924,0.0016617459502124498
1514.223017979144,0.9973889166120417,0.001661328515236546
1514.2236989737867,0.9995316213649059,0.0016622261009569496
1514.2243801683144,1.002834924096373,0.0016640050542849874
1514.2250612628486,0.9994535935621058,0.001662525769891371
1514.225742357492,1.0025611960550966,0.0016640681242078355
1514.2264235520197,1.0000941918780522,0.0016631995198156551
1514.2271046465466,1.0010322198522672,0.001663447979420099
1514.2277858411908,0.999832046555402,0.0016631411177942485
1514.2284669357177,0.9995404966639357,0.0016629005301702087
1514.2291479303676,0.9990089666006969,0.0016631255793728174
1514.2298290248946,0.9996765742224136,0.0016631618787464582
1514.2305102194223,1.0021637224700888,0.001664272227641985
1514.2311913140657,0.9984835929864191,0.0016629971409322342
1514.2318724085999,1.002519503867993,0.0016644529396558385
1514.2325536031276,1.0018455939251822,0.0016638196370945579
1514.233234697771,1.000607829489929,0.0016633624968854142
1514.233915792298,0.9987267192827277,0.001662496189978693
1514.2345968869413,0.997504261126468,0.0016618048297591243
1514.2352779814682,1.0006794536796375,0.0016628925102530165
1514.2359590760025,1.0010417985502795,0.0016628226955215692
1514.2366402706466,0.9980299920597175,0.0016615320170560231
1514.2373213651736,0.997910608812339,0.0016613599533167427
1514.238002459817,1.0026536349420105,0.001662856442025901
1514.2386835543439,1.0006735450126965,0.001661908029125192
1514.2393647488789,0.9992013372252864,0.0016608532824826038
1514.2400457435215,0.9995126850161105,0.0016607027710869166
1514.2407268380484,1.000190638984177,0.0016608483278224605
1514.2414080326926,0.9992440663810952,0.0016602981713945942
1514.2420891272195,0.998463396805225,0.0016599215108105854
1514.2427702218702,0.9996374262417473,0.0016600295297275608
1514.2434514163979,0.9998670088592202,0.0016597107425443485
1514.2441325109248,1.0012436510040301,0.0016600746257442595
1514.2448136055682,1.00056317975803,0.0016595391907683592
1514.245494800096,1.0019790378503577,0.0016598446572351794
1514.2461757947458,1.0007149916030147,0.0016590751348976643
1514.2468568892727,0.9999853534933957,0.001658733628641663
1514.2475379839161,1.0017352123389642,0.0016593530368381483
1514.2482191784438,0.9996488129974535,0.0016580721666313526
1514.2489002729708,1.0014664967932674,0.0016585654727401717
1514.249581467615,0.9994913919316407,0.0016578315470188948
1514.2502625621491,1.0019133064275174,0.001658619013483086
1514.2509436567925,1.001268725578284,0.0016583703993892018
1514.2516246513187,1.0001468892417382,0.0016576226965490466
1514.2523058459628,0.9982050926746644,0.0016569643311880673
1514.2529869404898,1.0009970280336014,0.0016577838120677294
1514.253668135134,0.9999348040734914,0.0016572154486049122
1514.2543492296682,1.000770982647056,0.0016576077198264423
1514.2550303243115,1.0008977770345502,0.001657832928953829
1514.2557115188392,0.9981371164998695,0.0016563735336231394
1514.2563926134826,0.9994006770680702,0.0016572278928881294
1514.257073608016,0.9994966165551747,0.0016576294386118112
1514.2577548026602,0.9999222451009739,0.001657658334676945
1514.2584358971872,0.9990150955363585,0.0016570689263912908
1514.259116991714,1.0004778360756088,0.0016577944171485795
1514.2597981863582,0.9987624270248581,0.0016573997829484335
1514.2604792808852,0.9999569748531696,0.0016579025695858708
1514.2611603755358,0.9972545904674613,0.0016569403323527198
1514.2618415700636,0.9991851434776783,0.0016578190590646523
1514.262522664707,0.9997014369100915,0.0016580681227810715
1514.2632036593495,0.9974343813614442,0.0016574053357036537
1514.2638848538772,1.0012551957052649,0.0016589168975112683
1514.2645659484115,1.0021220538012727,0.0016596072468714092
1514.2652470430548,1.0025803227950787,0.0016600753445512632
1514.2659281376982,0.999066103373299,0.001658625609049694
1514.266609332226,0.9982898491751773,0.001658230907871477
1514.2672904267529,0.9991795461503714,0.001658847945533577
1514.2679715213962,0.9995019401628973,0.0016592130402863265
1514.268652616047,1.0005755539254972,0.001659963984699
1514.2693337105738,0.9995825999639425,0.0016599056863442362
1514.2700148052172,1.003953058987976,0.0016615228172714277
1514.2706958997442,0.9990985858301817,0.001659643262080585
1514.2713770943883,1.0002239546940037,0.0016603067564653392
1514.2720581889225,0.9984204874800152,0.0016597888821118535
1514.272739283566,1.0001084815004082,0.0016607278133309933
1514.2734204780936,0.9974023717341605,0.0016596227495528422
1514.2741014727362,0.9996179344681546,0.0016608361189005508
1514.2747825672632,0.998105613199726,0.0016603566818812847
1514.2754637619146,1.0010556989843722,0.0016616364893431736
1514.2761448564415,0.9968079859191334,0.0016599638184789328
1514.276825951085,0.9986335048731798,0.0016609318700304132
1514.277507145729,1.0008092018159982,0.0016618303629957754
1514.278188240256,1.0011996258116118,0.0016622706152421636
1514.2788694349001,1.001553759523599,0.0016625186731776859
1514.2795504294336,0.9988395640500913,0.00166144724727997
1514.280231524077,1.00087538140345,0.0016624184713335166
1514.280912618604,1.0020205517591434,0.0016628373031471661
1514.281593813248,0.9978361413250436,0.0016609863451225609
1514.282274907775,0.9999986431619672,0.0016619778720234801
1514.2829561024264,0.9995388137361624,0.0016620382815886083
1514.2836371970698,1.000737999580898,0.0016625606566980707
