2.108866618006633331e+01 -3.100217361152200368e+01 2.145744177712716549e+01 2.704783982362005013e+00 1.862955102513564754e+01 -2.620510204802294041e+01 -1.857260927351327337e+04 -3.740423101264596335e+04 1.069830663087767789e+04 -4.714222371619363798e+02 6.185026419679869747e+01 2.449830633624547005e+00 -1.767818407450165807e+01 6.665304902999849013e+00 2.678185488919526680e-01
-3.100217361149136508e+01 1.506017741119881350e+02 -1.535410521188301800e+02 -3.430929234562964503e+00 -1.532078221400209372e+02 1.936381249341033310e+02 6.379557242466285243e+04 -1.707591632683755597e+04 -5.758922933847209060e+04 2.805966477138809978e+02 -2.500581166207717843e+02 1.408774539390178120e+02 1.042537454792987361e+01 -2.649267297552419365e+01 1.884491399954218949e+01
2.145744177713132217e+01 -1.535410521184320487e+02 1.642467762517089795e+02 2.122518035201295117e+00 1.542801845810766395e+02 -1.933946893592230651e+02 -6.354928762027647463e+04 3.556886967780638952e+04 6.061935225979765528e+04 6.200651244324476785e+00 2.498242566890905891e+02 -1.431081689367221941e+02 2.539653611213062989e-01 2.633442740499999246e+01 -2.089293948314342941e+01
2.704783982324268088e+00 -3.430929234407329886e+00 2.122518035184934426e+00 4.938996137164235467e-01 1.427368611599286297e+00 -2.230375901820863760e+00 -2.393137921501615892e+03 -6.235430112667076173e+03 1.207808294990811191e+03 -6.400961372428903928e+01 6.978589046619767089e+00 1.678251403594952507e+00 -1.762224385911842717e+00 4.490503172713116165e-01 1.230550476488591199e-01
1.862955102540422558e+01 -1.532078221388164536e+02 1.542801845868393968e+02 1.427368611618723859e+00 3.683094647716487771e+02 -4.584636673089437977e+02 -3.384666322845640389e+04 2.307117563872809696e+05 5.676664533794557065e+04 5.677393045820997486e+01 2.485133729759802748e+02 -5.284542210172886598e+02 1.908401147068713666e+00 2.236533349416043137e+01 -3.733565917425200809e+01
-2.620510204802600640e+01 1.936381249341690989e+02 -1.933946893605310891e+02 -2.230375901814173112e+00 -4.584636673102380655e+02 5.711447006854060646e+02 4.407558885104637011e+04 -2.797250890304707573e+05 -7.130071800219158467e+04 5.928071754786242487e+00 -3.148017008490713238e+02 6.547188584838904717e+02 5.334368633621567463e-02 -2.828880863269153778e+01 4.624950296792499671e+01
-1.857260927333766813e+04 6.379557242416853842e+04 -6.354928762044071482e+04 -2.393137921481406920e+03 -3.384666322841424699e+04 4.407558885110312258e+04 7.190677891410742700e+07 3.826269412491722405e+07 -5.657094210657538474e+07 -2.045103480994586789e+03 -2.127826956937643990e+05 -8.162152951146212581e+04 -4.245102919899925098e+01 -2.146847331360954922e+04 -6.665431470168117812e+03
-3.740423101232203044e+04 -1.707591632690283586e+04 3.556886968218077527e+04 -6.235430111089821366e+03 2.307117563860648370e+05 -2.797250890317118028e+05 3.826269412468884140e+07 2.806217725452160239e+08 -2.644517447981671430e+06 1.049759163458849303e+06 -1.329198192410177217e+04 -4.405871257023328799e+05 3.558606234296649200e+04 -1.582184014297602062e+03 -2.795173555042480803e+04
1.069830663125075262e+04 -5.758922933863169601e+04 6.061935225983338023e+04 1.207808294981437484e+03 5.676664533852474415e+04 -7.130071800160140265e+04 -5.657094210646067560e+07 -2.644517449044182897e+06 5.124539430745573342e+07 1.559809638090227963e+05 1.801673109174256097e+05 2.365025252145825652e+04 5.911493500126774961e+03 1.678418795015011710e+04 1.828211600593156618e+03
-4.714222371409267680e+02 2.805966477141755036e+02 6.200651244339763224e+00 -6.400961372487374490e+01 5.677393045814157801e+01 5.928071754789176140e+00 -2.045103475953089401e+03 1.049759163458772935e+06 1.559809638090027729e+05 1.435116618401419146e+04 2.160743439181361136e+00 1.637900829916492662e-01 5.366785135794103780e+02 -3.932642971941486820e-01 -2.911405726527599436e-01
6.185026419676727727e+01 -2.500581166218092335e+02 2.498242566889923069e+02 6.978589046615239155e+00 2.485133729759386654e+02 -3.148017008489753721e+02 -2.127826956937195500e+05 -1.329198192423650107e+04 1.801673109174593992e+05 2.160743439177292391e+00 6.998567165137412758e+02 -2.516921385775834352e-01 -9.259264301971270594e-03 7.137819358148851734e+01 4.935583007201428396e-01
2.449830633623709009e+00 1.408774539390261964e+02 -1.431081689349459793e+02 1.678251403594097191e+00 -5.284542210170139924e+02 6.547188584862255993e+02 -8.162152951136058255e+04 -4.405871257023619837e+05 2.365025251988830860e+04 1.637900829915532874e-01 -2.516921385745890527e-01 1.035423621045872551e+03 -6.462088397868487322e-02 7.687151454092819858e-01 7.941490116778899733e+01
-1.767818407397797387e+01 1.042537454794592477e+01 2.539653611213924522e-01 -1.762224385823247808e+00 1.908401147063434555e+00 5.334368633750054961e-02 -4.245102894579230224e+01 3.558606234299713833e+04 5.911493500114768722e+03 5.366785135789190235e+02 -9.259264301797388852e-03 -6.462088397874997392e-02 3.105960263611184402e+01 -2.522117016537596748e-02 -1.698071206068891767e-02
6.665304902997287506e+00 -2.649267297508447072e+01 2.633442740499830137e+01 4.490503172713797286e-01 2.236533349432902540e+01 -2.828880863267999501e+01 -2.146847331361988836e+04 -1.582184014092041480e+03 1.678418795016264994e+04 -3.932642971933080211e-01 7.137819358150885307e+01 7.687151454091292191e-01 -2.522117016537129067e-02 1.091320615455954446e+01 1.124550077312806012e-01
2.678185488916813295e-01 1.884491399953906310e+01 -2.089293948355368613e+01 1.230550476489828543e-01 -3.733565917431168657e+01 4.624950296801657146e+01 -6.665431470160980098e+03 -2.795173555048750495e+04 1.828211600610728055e+03 -2.911405726523919602e-01 4.935583007201193584e-01 7.941490116773672980e+01 -1.698071206066845834e-02 1.124550077312693602e-01 1.088966400606111584e+01
