1.000000000000000000e+00
1.000000000000000000e+00
1.000000000000000000e+00
1.000000000000000000e+00
1.000000000000000000e+00
1.000000000000000000e+00
1.000000000000000000e+00
1.000000000000000000e+00
1.000000000000000000e+00
1.000000000000000000e+00
9.999289152596133601e-01
9.974528901641472878e-01
9.954368353698015426e-01
9.947681334373228434e-01
9.943706857108522978e-01
9.941198802262004586e-01
9.939682238211381415e-01
9.938938845400271394e-01
9.938872814694654778e-01
9.939476153481237031e-01
9.940824217069437196e-01
9.943108359046830547e-01
9.946729349967895484e-01
9.952680176105017651e-01
9.968087579270817900e-01
9.997280742675311860e-01
1.000000000000000000e+00
1.000000000000000000e+00
1.000000000000000000e+00
1.000000000000000000e+00
1.000000000000000000e+00
1.000000000000000000e+00
1.000000000000000000e+00
1.000000000000000000e+00
1.000000000000000000e+00
1.000000000000000000e+00
1.000000000000000000e+00
1.000000000000000000e+00
1.000000000000000000e+00
1.000000000000000000e+00
1.000000000000000000e+00
1.000000000000000000e+00
1.000000000000000000e+00
1.000000000000000000e+00
1.000000000000000000e+00
1.000000000000000000e+00
9.996138872374068507e-01
9.965998989111208850e-01
9.952118366524876913e-01
9.946400526633695227e-01
9.942901026603120362e-01
9.940697453576250453e-01
9.939408495407056066e-01
9.938855396921253416e-01
9.938969435361448834e-01
9.939765289145725546e-01
9.941343419927064495e-01
9.943936941883780856e-01
9.948048873570117800e-01
9.955042301809150507e-01
9.977035601387438390e-01
9.999658874564274491e-01
1.000000000000000000e+00
1.000000000000000000e+00
1.000000000000000000e+00
1.000000000000000000e+00
1.000000000000000000e+00
1.000000000000000000e+00
1.000000000000000000e+00
1.000000000000000000e+00
1.000000000000000000e+00
1.000000000000000000e+00
1.000000000000000000e+00
1.000000000000000000e+00
1.000000000000000000e+00
1.000000000000000000e+00
1.000000000000000000e+00
1.000000000000000000e+00
1.000000000000000000e+00
1.000000000000000000e+00
1.000000000000000000e+00
1.000000000000000000e+00
1.000000000000000000e+00
1.000000000000000000e+00
1.000000000000000000e+00
1.000000000000000000e+00
1.000000000000000000e+00
1.000000000000000000e+00
1.000000000000000000e+00
1.000000000000000000e+00
1.000000000000000000e+00
1.000000000000000000e+00
1.000000000000000000e+00
1.000000000000000000e+00
1.000000000000000000e+00
1.000000000000000000e+00
1.000000000000000000e+00
1.000000000000000000e+00
1.000000000000000000e+00
1.000000000000000000e+00
1.000000000000000000e+00
1.000000000000000000e+00
9.999977869812883835e-01
9.984813316778992087e-01
9.938640888796627104e-01
9.909804334118859082e-01
9.898219177914588940e-01
9.890608218022914899e-01
9.881317165422169868e-01
9.878541708996088078e-01
9.876672621546648267e-01
9.875579096148654479e-01
9.875192074053495972e-01
9.875488097707015855e-01
9.876485064254832968e-01
9.878245447318170225e-01
9.880890820850158907e-01
9.884620879871636179e-01
9.889786475261586052e-01
9.897039734993937632e-01
9.907897130964180565e-01
9.932939773531088701e-01
9.979768451431558773e-01
9.999748664628679284e-01
1.000000000000000000e+00
1.000000000000000000e+00
1.000000000000000000e+00
1.000000000000000000e+00
1.000000000000000000e+00
1.000000000000000000e+00
1.000000000000000000e+00
1.000000000000000000e+00
1.000000000000000000e+00
1.000000000000000000e+00
1.000000000000000000e+00
1.000000000000000000e+00
1.000000000000000000e+00
1.000000000000000000e+00
1.000000000000000000e+00
1.000000000000000000e+00
1.000000000000000000e+00
1.000000000000000000e+00
1.000000000000000000e+00
1.000000000000000000e+00
1.000000000000000000e+00
1.000000000000000000e+00
1.000000000000000000e+00
1.000000000000000000e+00
1.000000000000000000e+00
9.991349645611476982e-01
9.960853546364722977e-01
9.950592761403217468e-01
9.945498815945963411e-01
9.942330509088609380e-01
9.940348475987894616e-01
9.939229794307645749e-01
9.938824211580147283e-01
9.939081953180110007e-01
9.940035373916017436e-01
9.941807607861387064e-01
9.944672807047130192e-01
9.949235967217646692e-01
9.957355160755154699e-01
9.984593083551051018e-01
1.000000000000000000e+00
1.000000000000000000e+00
1.000000000000000000e+00
1.000000000000000000e+00
1.000000000000000000e+00
1.000000000000000000e+00
1.000000000000000000e+00
1.000000000000000000e+00
1.000000000000000000e+00
1.000000000000000000e+00
1.000000000000000000e+00
1.000000000000000000e+00
1.000000000000000000e+00
1.000000000000000000e+00
1.000000000000000000e+00
1.000000000000000000e+00
1.000000000000000000e+00
1.000000000000000000e+00
1.000000000000000000e+00
1.000000000000000000e+00
9.985985233209382361e-01
9.957910055805999638e-01
9.949479507733093309e-01
9.944819578250545522e-01
9.941902120756835881e-01
9.940090320957483128e-01
9.939107601408985193e-01
9.938821771916283021e-01
9.939198922078122944e-01
9.940286458490265042e-01
9.942226136623519839e-01
9.945336976522941574e-01
9.950319883210329008e-01
9.960071590731235380e-01
9.990230185013315722e-01
1.000000000000000000e+00
1.000000000000000000e+00
1.000000000000000000e+00
1.000000000000000000e+00
1.000000000000000000e+00
1.000000000000000000e+00
1.000000000000000000e+00
1.000000000000000000e+00
1.000000000000000000e+00
1.000000000000000000e+00
9.993949333199394491e-01
9.979741444618772661e-01
9.975505830092408210e-01
9.973055317754193627e-01
9.971419214322443381e-01
9.970288256936108429e-01
9.969522136332346074e-01
9.969041108951846031e-01
9.968804640070066947e-01
9.968792909049268847e-01
9.969005031431100727e-01
9.969458697114350620e-01
9.970193029734516488e-01
9.971278937831359324e-01
9.972854058795480592e-01
9.975191442464617086e-01
9.979110989803643417e-01
1.000000000000000000e+00
1.000000000000000000e+00
1.000000000000000000e+00
1.000000000000000000e+00
1.000000000000000000e+00
1.000000000000000000e+00
1.000000000000000000e+00
1.000000000000000000e+00
1.000000000000000000e+00
9.999959055048189827e-01
9.981302544396992715e-01
9.956260995021143367e-01
9.948694710161706256e-01
9.944336123410441042e-01
9.941596542937105596e-01
9.939910553816018179e-01
9.939028710140279665e-01
9.938834164789631664e-01
9.939303928932389232e-01
9.940497445272200583e-01
9.942577239531835698e-01
9.945885369422504674e-01
9.951243842855485022e-01
9.962906168945425689e-01
9.993725446724649464e-01
1.000000000000000000e+00
1.000000000000000000e+00
1.000000000000000000e+00
1.000000000000000000e+00
1.000000000000000000e+00
1.000000000000000000e+00
1.000000000000000000e+00
1.000000000000000000e+00
1.000000000000000000e+00
1.000000000000000000e+00
1.000000000000000000e+00
1.000000000000000000e+00
1.000000000000000000e+00
1.000000000000000000e+00
1.000000000000000000e+00
1.000000000000000000e+00
1.000000000000000000e+00
1.000000000000000000e+00
1.000000000000000000e+00
1.000000000000000000e+00
1.000000000000000000e+00
1.000000000000000000e+00
1.000000000000000000e+00
1.000000000000000000e+00
1.000000000000000000e+00
9.992215352768945014e-01
9.950661518363257407e-01
9.914110156501326765e-01
9.900628481051949592e-01
9.892259713988238445e-01
9.886402797220255056e-01
9.882172804729428828e-01
9.879145812162013485e-01
9.877063468732263374e-01
9.875785082427955830e-01
9.875224582528562278e-01
9.875349501217882686e-01
9.876167756570424228e-01
9.877727452808339192e-01
9.880136605183352794e-01
9.883572398120338276e-01
9.888330964296165870e-01
9.904676996337663519e-01
9.923747546587048385e-01
9.968745652702828419e-01
9.998233224518862094e-01
1.000000000000000000e+00
1.000000000000000000e+00
1.000000000000000000e+00
1.000000000000000000e+00
1.000000000000000000e+00
1.000000000000000000e+00
1.000000000000000000e+00
1.000000000000000000e+00
1.000000000000000000e+00
1.000000000000000000e+00
1.000000000000000000e+00
1.000000000000000000e+00
1.000000000000000000e+00
1.000000000000000000e+00
1.000000000000000000e+00
9.985900321143481584e-01
9.977356683170421903e-01
9.974209777218439044e-01
9.972201213759442906e-01
9.970830227434972493e-01
9.969884726117803631e-01
9.969261371099039648e-01
9.968899967554278874e-01
9.968771448629603071e-01
9.968865238754833769e-01
9.969189106389917399e-01
9.969768754555943246e-01
9.970658998979216037e-01
9.971953716932229206e-01
9.973842469921382348e-01
9.976749335568700916e-01
9.983552887709538082e-01
1.000000000000000000e+00
1.000000000000000000e+00
1.000000000000000000e+00
1.000000000000000000e+00
1.000000000000000000e+00
1.000000000000000000e+00
1.000000000000000000e+00
1.000000000000000000e+00
1.000000000000000000e+00
9.999521585324082640e-01
9.975960071905319859e-01
9.954743001761802157e-01
9.947890832300052555e-01
9.943835952276502965e-01
9.941278540301823341e-01
9.939729194547101132e-01
9.938955783669534139e-01
9.938862292434752499e-01
9.939437103456337796e-01
9.940749938664714680e-01
9.942988006738090467e-01
9.946534778489847239e-01
9.952348699127230303e-01
9.966868523917379319e-01
9.996638036882640188e-01
1.000000000000000000e+00
1.000000000000000000e+00
1.000000000000000000e+00
1.000000000000000000e+00
1.000000000000000000e+00
1.000000000000000000e+00
1.000000000000000000e+00
1.000000000000000000e+00
1.000000000000000000e+00
1.000000000000000000e+00
1.000000000000000000e+00
1.000000000000000000e+00
1.000000000000000000e+00
1.000000000000000000e+00
1.000000000000000000e+00
1.000000000000000000e+00
1.000000000000000000e+00
1.000000000000000000e+00
1.000000000000000000e+00
9.998285881788290252e-01
9.970575910089517491e-01
9.953327888723881856e-01
9.947103678200642785e-01
9.943342251695099776e-01
9.940972471714779601e-01
9.939556269441178760e-01
9.938896685644122986e-01
9.939595384113308896e-01
9.941040495951234401e-01
9.943455777874667945e-01
9.947277106149599035e-01
9.953647568527044243e-01
9.971756173553461000e-01
9.998654105141382420e-01
1.000000000000000000e+00
1.000000000000000000e+00
1.000000000000000000e+00
1.000000000000000000e+00
1.000000000000000000e+00
1.000000000000000000e+00
1.000000000000000000e+00
1.000000000000000000e+00
1.000000000000000000e+00
1.000000000000000000e+00
9.989631939472817246e-01
9.978329353290269488e-01
9.974768783429300845e-01
9.971088264547953717e-01
9.970061061908750411e-01
9.969373968729904334e-01
9.968958490819656015e-01
9.968780565155969109e-01
9.968825454011656095e-01
9.969096543047587522e-01
9.969616727372015985e-01
9.970432063993683869e-01
9.971625140207335258e-01
9.973358527575115762e-01
9.975973675125632267e-01
9.980951807136274612e-01
1.000000000000000000e+00
1.000000000000000000e+00
1.000000000000000000e+00
1.000000000000000000e+00
1.000000000000000000e+00
1.000000000000000000e+00
1.000000000000000000e+00
1.000000000000000000e+00
1.000000000000000000e+00
1.000000000000000000e+00
1.000000000000000000e+00
1.000000000000000000e+00
1.000000000000000000e+00
1.000000000000000000e+00
1.000000000000000000e+00
9.991873763225515015e-01
9.950016307138234151e-01
9.913816335651862710e-01
9.900494051524524330e-01
9.892166736553750228e-01
9.886327836150651249e-01
9.882123274951976066e-01
9.879106605733425361e-01
9.877039825484156266e-01
9.875770636169676209e-01
9.875221204908753991e-01
9.875357243827158626e-01
9.876187380150641681e-01
9.877760476156751679e-01
9.880185672719526968e-01
9.883641835188143876e-01
9.888428110600290255e-01
9.895116739073799295e-01
9.904891744282390276e-01
9.924339965179799217e-01
9.969596508597637907e-01
9.998406064093418033e-01
1.000000000000000000e+00
1.000000000000000000e+00
1.000000000000000000e+00
1.000000000000000000e+00
1.000000000000000000e+00
1.000000000000000000e+00
1.000000000000000000e+00
1.000000000000000000e+00
1.000000000000000000e+00
1.000000000000000000e+00
1.000000000000000000e+00
1.000000000000000000e+00
1.000000000000000000e+00
1.000000000000000000e+00
1.000000000000000000e+00
1.000000000000000000e+00
1.000000000000000000e+00
1.000000000000000000e+00
1.000000000000000000e+00
1.000000000000000000e+00
1.000000000000000000e+00
1.000000000000000000e+00
1.000000000000000000e+00
1.000000000000000000e+00
1.000000000000000000e+00
9.989886329084738392e-01
9.959853554207580562e-01
9.950259859292588382e-01
9.945294218206894854e-01
9.942198649290190371e-01
9.940267436156324798e-01
9.939189612900140025e-01
9.938821296145650130e-01
9.939115084076138862e-01
9.940108972238103080e-01
9.941933901388824157e-01
9.944875876920917790e-01
9.949554620516736225e-01
9.958087720155921474e-01
9.986457653402496248e-01
1.000000000000000000e+00
1.000000000000000000e+00
1.000000000000000000e+00
1.000000000000000000e+00
1.000000000000000000e+00
1.000000000000000000e+00
1.000000000000000000e+00
1.000000000000000000e+00
1.000000000000000000e+00
1.000000000000000000e+00
9.985490187571626208e-01
9.977254552359389184e-01
9.974146107704445763e-01
9.972159059957124150e-01
9.970803158691963208e-01
9.969866617421265786e-01
9.969249446120402869e-01
9.968894148528949506e-01
9.968771071479386459e-01
9.968869840319469766e-01
9.969198848649873934e-01
9.969785363781851206e-01
9.970683205997782350e-01
9.971990465893780797e-01
9.973889070115957711e-01
9.976829608996761189e-01
9.983848765826364158e-01
1.000000000000000000e+00
1.000000000000000000e+00
1.000000000000000000e+00
1.000000000000000000e+00
1.000000000000000000e+00
1.000000000000000000e+00
1.000000000000000000e+00
1.000000000000000000e+00
1.000000000000000000e+00
1.000000000000000000e+00
9.985202362518139640e-01
9.957574051393318637e-01
9.949347953613218998e-01
9.944738218838425903e-01
9.941846817353440224e-01
9.940057292206613271e-01
9.939091637950998592e-01
9.938823014360660402e-01
9.939217033013243441e-01
9.940323912665042227e-01
9.942292279479132411e-01
9.945430464897213607e-01
9.950485506866523222e-01
9.960551103489737601e-01
9.990954062447631179e-01
1.000000000000000000e+00
1.000000000000000000e+00
1.000000000000000000e+00
1.000000000000000000e+00
1.000000000000000000e+00
1.000000000000000000e+00
1.000000000000000000e+00
1.000000000000000000e+00
1.000000000000000000e+00
1.000000000000000000e+00
1.000000000000000000e+00
1.000000000000000000e+00
1.000000000000000000e+00
1.000000000000000000e+00
1.000000000000000000e+00
1.000000000000000000e+00
1.000000000000000000e+00
1.000000000000000000e+00
1.000000000000000000e+00
1.000000000000000000e+00
1.000000000000000000e+00
1.000000000000000000e+00
1.000000000000000000e+00
1.000000000000000000e+00
1.000000000000000000e+00
9.989658056899552996e-01
9.945769346598251071e-01
9.912219112171769542e-01
9.899658277464851164e-01
9.891594608181172310e-01
9.885917333148830366e-01
9.881821416997513818e-01
9.878901250028917502e-01
9.876902962099221028e-01
9.875697019896201301e-01
9.875206353692018713e-01
9.875401050881178477e-01
9.876289141662084603e-01
9.877931305061615763e-01
9.880435793308258718e-01
9.883991499359148225e-01
9.888903594234874639e-01
9.895790931067984797e-01
9.905949560285043365e-01
9.927296205631235271e-01
9.973568781737153222e-01
9.999060691323392591e-01
1.000000000000000000e+00
1.000000000000000000e+00
1.000000000000000000e+00
1.000000000000000000e+00
1.000000000000000000e+00
1.000000000000000000e+00
1.000000000000000000e+00
1.000000000000000000e+00
1.000000000000000000e+00
1.000000000000000000e+00
1.000000000000000000e+00
1.000000000000000000e+00
1.000000000000000000e+00
1.000000000000000000e+00
1.000000000000000000e+00
1.000000000000000000e+00
1.000000000000000000e+00
1.000000000000000000e+00
1.000000000000000000e+00
1.000000000000000000e+00
1.000000000000000000e+00
1.000000000000000000e+00
1.000000000000000000e+00
9.999988387515563737e-01
9.982355945504127748e-01
9.956584640430053978e-01
9.948849526508345420e-01
9.944430836873598967e-01
9.941658942088671402e-01
9.939946599513153069e-01
9.939043041007034063e-01
9.938830846099332428e-01
9.939284188776130735e-01
9.940454319392333371e-01
9.942507356039307354e-01
9.945782366514005490e-01
9.951073010873293656e-01
9.962317513052787454e-01
9.993127922886386738e-01
1.000000000000000000e+00
1.000000000000000000e+00
1.000000000000000000e+00
1.000000000000000000e+00
1.000000000000000000e+00
1.000000000000000000e+00
1.000000000000000000e+00
1.000000000000000000e+00
1.000000000000000000e+00
1.000000000000000000e+00
9.977825732471973241e-01
9.974482374712556609e-01
9.972389248773413373e-01
9.970958918620396183e-01
9.969972682438982270e-01
9.969316537515001686e-01
9.968928925099937999e-01
9.968774789678036541e-01
9.968843415547988807e-01
9.969140207501109296e-01
9.969689499252005760e-01
9.970537746866987572e-01
9.971780090903133997e-01
9.973585684602471746e-01
9.976338931358235129e-01
9.982060156811011220e-01
1.000000000000000000e+00
1.000000000000000000e+00
1.000000000000000000e+00
1.000000000000000000e+00
1.000000000000000000e+00
1.000000000000000000e+00
1.000000000000000000e+00
1.000000000000000000e+00
1.000000000000000000e+00
9.999925287554066733e-01
9.980504311869772271e-01
9.956016815339107096e-01
9.948558727769813981e-01
9.944250772770700797e-01
9.941538840701223956e-01
9.939880311542339530e-01
9.939015177090123609e-01
9.938837994147811106e-01
9.939327223408881418e-01
9.940538585857459086e-01
9.942645328906390967e-01
9.946000470427566187e-01
9.951440059326348564e-01
9.963618350726665129e-01
9.994322214370863211e-01
1.000000000000000000e+00
1.000000000000000000e+00
1.000000000000000000e+00
1.000000000000000000e+00
1.000000000000000000e+00
1.000000000000000000e+00
1.000000000000000000e+00
1.000000000000000000e+00
1.000000000000000000e+00
1.000000000000000000e+00
1.000000000000000000e+00
1.000000000000000000e+00
1.000000000000000000e+00
1.000000000000000000e+00
1.000000000000000000e+00
1.000000000000000000e+00
1.000000000000000000e+00
1.000000000000000000e+00
1.000000000000000000e+00
9.983246770544893511e-01
9.956908557765508094e-01
9.949011558873436245e-01
9.944530719732870283e-01
9.941715382711919791e-01
9.939979623825198063e-01
9.939058936389125742e-01
9.938827745159651839e-01
9.939261772124826644e-01
9.940414513963715670e-01
9.942434449478869674e-01
9.945667339455221967e-01
9.950880781113876639e-01
9.961770503482242356e-01
9.992444705766458934e-01
1.000000000000000000e+00
1.000000000000000000e+00
1.000000000000000000e+00
1.000000000000000000e+00
1.000000000000000000e+00
1.000000000000000000e+00
1.000000000000000000e+00
1.000000000000000000e+00
1.000000000000000000e+00
1.000000000000000000e+00
1.000000000000000000e+00
1.000000000000000000e+00
1.000000000000000000e+00
1.000000000000000000e+00
1.000000000000000000e+00
1.000000000000000000e+00
1.000000000000000000e+00
1.000000000000000000e+00
1.000000000000000000e+00
1.000000000000000000e+00
9.999975116212838078e-01
9.981844798148991060e-01
9.956423986023898998e-01
9.948767758838630293e-01
9.944380111668366107e-01
9.941626785290615942e-01
9.939927748267134433e-01
9.939034995828907038e-01
9.938832685061514960e-01
9.939296199298833789e-01
9.940478057353486774e-01
9.942546406042235274e-01
9.945844274803512519e-01
9.951177252131859774e-01
9.993484709600767291e-01
1.000000000000000000e+00
1.000000000000000000e+00
1.000000000000000000e+00
1.000000000000000000e+00
1.000000000000000000e+00
1.000000000000000000e+00
1.000000000000000000e+00
1.000000000000000000e+00
1.000000000000000000e+00
1.000000000000000000e+00
1.000000000000000000e+00
1.000000000000000000e+00
1.000000000000000000e+00
1.000000000000000000e+00
1.000000000000000000e+00
1.000000000000000000e+00
1.000000000000000000e+00
1.000000000000000000e+00
1.000000000000000000e+00
1.000000000000000000e+00
9.999978854755435798e-01
9.981871294044593057e-01
9.956432549923071029e-01
9.948788934245423876e-01
9.944393333688508196e-01
9.941628727074407479e-01
9.939928926814074472e-01
9.939035513154492740e-01
9.938832177087891795e-01
9.939292949475803107e-01
9.940476345463667984e-01
9.942543507624338472e-01
9.945827284447759098e-01
9.951148464951404815e-01
9.962630577484370420e-01
9.993455843904558433e-01
1.000000000000000000e+00
1.000000000000000000e+00
1.000000000000000000e+00
1.000000000000000000e+00
1.000000000000000000e+00
1.000000000000000000e+00
1.000000000000000000e+00
1.000000000000000000e+00
1.000000000000000000e+00
1.000000000000000000e+00
1.000000000000000000e+00
1.000000000000000000e+00
1.000000000000000000e+00
1.000000000000000000e+00
1.000000000000000000e+00
1.000000000000000000e+00
1.000000000000000000e+00
1.000000000000000000e+00
1.000000000000000000e+00
1.000000000000000000e+00
9.999441001934556983e-01
9.975371634425320710e-01
9.954583367447404907e-01
9.947794874259634490e-01
9.943784610333892271e-01
9.941245827968705484e-01
9.939708666063925557e-01
9.938948090136615621e-01
9.938867196612891641e-01
9.939453369380855108e-01
9.940783374922397275e-01
9.943042772665687812e-01
9.946629316987731784e-01
9.952513773985345313e-01
9.967402532465935439e-01
9.996950719459511969e-01
1.000000000000000000e+00
1.000000000000000000e+00
1.000000000000000000e+00
1.000000000000000000e+00
1.000000000000000000e+00
1.000000000000000000e+00
1.000000000000000000e+00
1.000000000000000000e+00
1.000000000000000000e+00
1.000000000000000000e+00
1.000000000000000000e+00
1.000000000000000000e+00
1.000000000000000000e+00
1.000000000000000000e+00
1.000000000000000000e+00
1.000000000000000000e+00
1.000000000000000000e+00
1.000000000000000000e+00
1.000000000000000000e+00
1.000000000000000000e+00
1.000000000000000000e+00
1.000000000000000000e+00
1.000000000000000000e+00
1.000000000000000000e+00
1.000000000000000000e+00
9.999984677535591615e-01
9.985125128168327313e-01
9.938983002424695012e-01
9.909943528833125015e-01
9.898291073279562591e-01
9.890649397824549105e-01
9.885236558420248398e-01
9.878555791472666270e-01
9.876679628589277726e-01
9.875581618553584962e-01
9.875192207987595339e-01
9.875487727284701922e-01
9.876482016766778838e-01
9.878243534101527334e-01
9.880889989824339636e-01
9.884625690531136932e-01
9.889801429571074554e-01
9.897047066984760999e-01
9.907927821758120146e-01
9.933088208733866775e-01
9.979965192098378957e-01
9.999763583075690354e-01
1.000000000000000000e+00
1.000000000000000000e+00
1.000000000000000000e+00
1.000000000000000000e+00
1.000000000000000000e+00
1.000000000000000000e+00
1.000000000000000000e+00
1.000000000000000000e+00
1.000000000000000000e+00
1.000000000000000000e+00
1.000000000000000000e+00
1.000000000000000000e+00
1.000000000000000000e+00
1.000000000000000000e+00
1.000000000000000000e+00
1.000000000000000000e+00
1.000000000000000000e+00
1.000000000000000000e+00
1.000000000000000000e+00
1.000000000000000000e+00
1.000000000000000000e+00
1.000000000000000000e+00
1.000000000000000000e+00
1.000000000000000000e+00
9.997931826604009586e-01
9.969587882733919049e-01
9.953092021268840073e-01
9.946962102989110877e-01
9.943252894533213260e-01
9.940913949561265284e-01
9.939524123683183277e-01
9.938887264878786265e-01
9.938919564633973414e-01
9.939627903586680802e-01
9.941101926803952438e-01
9.943554391345376109e-01
9.947427216277698880e-01
9.953916424359128268e-01
9.972840588669291684e-01
9.998936707327914508e-01
1.000000000000000000e+00
1.000000000000000000e+00
1.000000000000000000e+00
1.000000000000000000e+00
1.000000000000000000e+00
1.000000000000000000e+00
1.000000000000000000e+00
1.000000000000000000e+00
1.000000000000000000e+00
9.975648649602593121e-01
9.973154718226392434e-01
9.971486315053672556e-01
9.970335182081520031e-01
9.969552652719513297e-01
9.969059024533393210e-01
9.968811311280816323e-01
9.968787976797344186e-01
9.968988281560655640e-01
9.969428265660720268e-01
9.970143146166636772e-01
9.971207392351237875e-01
9.972748797096635531e-01
9.975032845147157046e-01
9.978808131518122071e-01
9.991252736874974838e-01
1.000000000000000000e+00
1.000000000000000000e+00
1.000000000000000000e+00
1.000000000000000000e+00
1.000000000000000000e+00
1.000000000000000000e+00
1.000000000000000000e+00
1.000000000000000000e+00
1.000000000000000000e+00
1.000000000000000000e+00
9.993153718210546765e-01
9.962343545235134989e-01
9.951061989874161462e-01
9.945788679136895460e-01
9.942511789150035861e-01
9.940457285910088148e-01
9.939283440063411135e-01
9.938831100253412432e-01
9.939041719798066277e-01
9.939943303665552676e-01
9.941652942234098234e-01
9.944431081810349848e-01
9.956548570675723964e-01
9.982236707075606841e-01
9.999987983105423917e-01
1.000000000000000000e+00
1.000000000000000000e+00
1.000000000000000000e+00
1.000000000000000000e+00
1.000000000000000000e+00
1.000000000000000000e+00
1.000000000000000000e+00
1.000000000000000000e+00
1.000000000000000000e+00
1.000000000000000000e+00
1.000000000000000000e+00
1.000000000000000000e+00
1.000000000000000000e+00
1.000000000000000000e+00
1.000000000000000000e+00
1.000000000000000000e+00
1.000000000000000000e+00
1.000000000000000000e+00
1.000000000000000000e+00
9.986527837112372241e-01
9.958120083634254271e-01
9.949569528896718973e-01
9.944885662286777617e-01
9.941940499323361768e-01
9.940113136487545020e-01
9.939117098486655033e-01
9.938821161255751990e-01
9.939187083866738437e-01
9.940261936629213313e-01
9.942189090673313467e-01
9.950213713726365761e-01
9.959774599953558072e-01
9.989754903211444104e-01
1.000000000000000000e+00
1.000000000000000000e+00
1.000000000000000000e+00
1.000000000000000000e+00
1.000000000000000000e+00
1.000000000000000000e+00
1.000000000000000000e+00
1.000000000000000000e+00
1.000000000000000000e+00
1.000000000000000000e+00
9.979171447941818096e-01
9.975225967736834898e-01
9.972875666919391868e-01
9.971295106675164277e-01
9.970206393000001777e-01
9.969468022336540614e-01
9.969010600388802379e-01
9.968794545755237380e-01
9.968802512519465697e-01
9.969034083554062509e-01
9.969509310767948884e-01
9.970269263816671224e-01
9.971390307931747854e-01
9.975430144797521326e-01
9.979577361705711525e-01
9.993544984639186612e-01
1.000000000000000000e+00
1.000000000000000000e+00
1.000000000000000000e+00
1.000000000000000000e+00
1.000000000000000000e+00
1.000000000000000000e+00
1.000000000000000000e+00
1.000000000000000000e+00
1.000000000000000000e+00
1.000000000000000000e+00
1.000000000000000000e+00
1.000000000000000000e+00
1.000000000000000000e+00
1.000000000000000000e+00
9.993488743228624571e-01
9.953459520834524454e-01
9.915305253773868399e-01
9.901200525264061136e-01
9.892642640933881903e-01
9.886665362102898813e-01
9.882370428877826907e-01
9.879279594734262648e-01
9.877150409452979396e-01
9.875830948333655934e-01
9.875235882674715526e-01
9.875327433491547513e-01
9.876111687151403196e-01
9.877637968916107569e-01
9.880007143406214221e-01
9.883382469675665583e-01
9.888080952186232286e-01
9.894631094486835421e-01
9.904176482005031534e-01
9.922440601997475351e-01
9.966752853745652896e-01
9.997800799734737343e-01
1.000000000000000000e+00
1.000000000000000000e+00
1.000000000000000000e+00
1.000000000000000000e+00
1.000000000000000000e+00
1.000000000000000000e+00
1.000000000000000000e+00
1.000000000000000000e+00
1.000000000000000000e+00
1.000000000000000000e+00
1.000000000000000000e+00
1.000000000000000000e+00
1.000000000000000000e+00
1.000000000000000000e+00
1.000000000000000000e+00
1.000000000000000000e+00
1.000000000000000000e+00
1.000000000000000000e+00
1.000000000000000000e+00
1.000000000000000000e+00
1.000000000000000000e+00
1.000000000000000000e+00
1.000000000000000000e+00
1.000000000000000000e+00
1.000000000000000000e+00
9.999914075654811052e-01
9.980157939948035573e-01
9.955917441675292689e-01
9.948509036534887162e-01
9.944231169869699460e-01
9.941527223457449214e-01
9.939870306244326104e-01
9.939011221494996606e-01
9.938838651835262272e-01
9.939330594391609930e-01
9.940549431324455787e-01
9.942662123648873251e-01
9.946025562194772407e-01
9.951458806415471869e-01
9.963673395683111389e-01
9.994429799657743585e-01
1.000000000000000000e+00
1.000000000000000000e+00
1.000000000000000000e+00
1.000000000000000000e+00
1.000000000000000000e+00
1.000000000000000000e+00
1.000000000000000000e+00
1.000000000000000000e+00
1.000000000000000000e+00
1.000000000000000000e+00
1.000000000000000000e+00
1.000000000000000000e+00
1.000000000000000000e+00
1.000000000000000000e+00
1.000000000000000000e+00
1.000000000000000000e+00
1.000000000000000000e+00
1.000000000000000000e+00
1.000000000000000000e+00
1.000000000000000000e+00
9.999169610782780993e-01
9.973999211239497065e-01
9.954250208578471204e-01
9.947598464454708855e-01
9.941163986237202543e-01
9.939666081334653791e-01
9.938934011115485578e-01
9.938877065771217767e-01
9.939489071086601291e-01
9.940843854801144630e-01
9.943148160461741103e-01
9.946781530583586051e-01
9.952799121358992807e-01
9.968466910330284758e-01
9.997424911818568738e-01
1.000000000000000000e+00
1.000000000000000000e+00
1.000000000000000000e+00
1.000000000000000000e+00
1.000000000000000000e+00
1.000000000000000000e+00
1.000000000000000000e+00
1.000000000000000000e+00
1.000000000000000000e+00
1.000000000000000000e+00
1.000000000000000000e+00
1.000000000000000000e+00
1.000000000000000000e+00
1.000000000000000000e+00
1.000000000000000000e+00
1.000000000000000000e+00
1.000000000000000000e+00
1.000000000000000000e+00
1.000000000000000000e+00
1.000000000000000000e+00
9.997910822830323729e-01
9.969442971916313567e-01
9.953055759528821600e-01
9.946956212033153388e-01
9.943241061201906206e-01
9.939520506294321489e-01
9.938886233182141483e-01
9.938919639999757027e-01
9.939631123887388009e-01
9.941101599013705270e-01
9.943562390949234331e-01
9.947438958444975166e-01
9.953909580297337634e-01
9.972907049157156978e-01
9.998928178044590442e-01
1.000000000000000000e+00
1.000000000000000000e+00
1.000000000000000000e+00
1.000000000000000000e+00
1.000000000000000000e+00
1.000000000000000000e+00
1.000000000000000000e+00
1.000000000000000000e+00
1.000000000000000000e+00
1.000000000000000000e+00
1.000000000000000000e+00
1.000000000000000000e+00
1.000000000000000000e+00
1.000000000000000000e+00
1.000000000000000000e+00
1.000000000000000000e+00
1.000000000000000000e+00
1.000000000000000000e+00
1.000000000000000000e+00
1.000000000000000000e+00
1.000000000000000000e+00
1.000000000000000000e+00
1.000000000000000000e+00
1.000000000000000000e+00
1.000000000000000000e+00
9.995876608683519349e-01
9.959670872986535750e-01
9.918287711380006089e-01
9.902493732944467331e-01
9.893535503206065673e-01
9.887318021141754398e-01
9.882819653144988559e-01
9.879605913250971705e-01
9.877362169309826800e-01
9.875953644744579485e-01
9.875272854716143911e-01
9.875280204615499713e-01
9.875976048134499363e-01
9.877411910468019141e-01
9.879663970833224562e-01
9.882901277686364505e-01
9.887431080968954733e-01
9.893694133681850689e-01
9.902730660158328702e-01
9.918858878680971713e-01
9.960735905593545159e-01
9.996213575156412956e-01
1.000000000000000000e+00
1.000000000000000000e+00
1.000000000000000000e+00
1.000000000000000000e+00
1.000000000000000000e+00
1.000000000000000000e+00
1.000000000000000000e+00
1.000000000000000000e+00
1.000000000000000000e+00
1.000000000000000000e+00
1.000000000000000000e+00
1.000000000000000000e+00
1.000000000000000000e+00
1.000000000000000000e+00
9.977269201798210085e-01
9.974163776306390616e-01
9.972176909984770132e-01
9.970809541835654599e-01
9.969873756311581348e-01
9.969252812114453022e-01
9.968896673250813301e-01
9.968771247287870896e-01
9.968867918698169905e-01
9.969193103766684771e-01
9.969777741960188511e-01
9.970667986966798013e-01
9.971962773201741292e-01
9.973860302265236122e-01
9.976768854165424250e-01
9.983651098797291512e-01
1.000000000000000000e+00
1.000000000000000000e+00
1.000000000000000000e+00
1.000000000000000000e+00
1.000000000000000000e+00
1.000000000000000000e+00
1.000000000000000000e+00
1.000000000000000000e+00
1.000000000000000000e+00
1.000000000000000000e+00
9.994999311907665218e-01
9.964292624775775709e-01
9.951658850407550938e-01
9.946143933915649882e-01
9.942728977836068349e-01
9.940595361064135105e-01
9.939351801499287653e-01
9.938843279061151392e-01
9.938997321551445996e-01
9.939839728602722912e-01
9.941468113157823083e-01
9.944147261759943568e-01
9.948374119568816898e-01
9.955629408673600800e-01
9.979269676166362402e-01
9.999860024446463047e-01
1.000000000000000000e+00
1.000000000000000000e+00
1.000000000000000000e+00
1.000000000000000000e+00
1.000000000000000000e+00
1.000000000000000000e+00
1.000000000000000000e+00
1.000000000000000000e+00
1.000000000000000000e+00
1.000000000000000000e+00
1.000000000000000000e+00
1.000000000000000000e+00
1.000000000000000000e+00
1.000000000000000000e+00
1.000000000000000000e+00
1.000000000000000000e+00
1.000000000000000000e+00
1.000000000000000000e+00
9.989853674226529812e-01
9.959888025207080942e-01
9.950235346835842876e-01
9.945291485398622955e-01
9.942190022506351976e-01
9.940266852389048058e-01
9.939191555233046760e-01
9.938821173983573010e-01
9.939115021863085264e-01
9.940112746552417500e-01
9.941932969326127134e-01
9.944862906593697760e-01
9.949568188239936717e-01
9.958075275824338490e-01
9.986521749471561904e-01
1.000000000000000000e+00
1.000000000000000000e+00
1.000000000000000000e+00
1.000000000000000000e+00
1.000000000000000000e+00
1.000000000000000000e+00
1.000000000000000000e+00
1.000000000000000000e+00
1.000000000000000000e+00
1.000000000000000000e+00
9.985344872947115036e-01
9.977233513377141705e-01
9.974128403276814048e-01
9.972153382372047625e-01
9.970800179442163014e-01
9.969862963031854708e-01
9.969248982997291897e-01
9.968893408993988459e-01
9.968771061954583290e-01
9.968869479081248208e-01
9.969199058693943849e-01
9.969782916368298276e-01
9.970681893187496314e-01
9.971982587343837245e-01
9.973875472018839394e-01
9.976815366179756506e-01
9.983738978756179216e-01
1.000000000000000000e+00
1.000000000000000000e+00
1.000000000000000000e+00
1.000000000000000000e+00
1.000000000000000000e+00
1.000000000000000000e+00
1.000000000000000000e+00
1.000000000000000000e+00
1.000000000000000000e+00
9.999983606590865381e-01
9.982160507013122519e-01
9.956558394218951724e-01
9.948821081505634378e-01
9.944424466761114800e-01
9.941642455370206521e-01
9.939941089418912190e-01
9.939042447383705792e-01
9.938831280705158200e-01
9.939284598307551732e-01
9.940464153816037651e-01
9.942515094007383647e-01
9.945781340322348285e-01
9.951089941794858396e-01
9.962365490003847190e-01
9.993246434174778425e-01
1.000000000000000000e+00
1.000000000000000000e+00
1.000000000000000000e+00
1.000000000000000000e+00
1.000000000000000000e+00
1.000000000000000000e+00
1.000000000000000000e+00
1.000000000000000000e+00
1.000000000000000000e+00
1.000000000000000000e+00
1.000000000000000000e+00
1.000000000000000000e+00
1.000000000000000000e+00
1.000000000000000000e+00
1.000000000000000000e+00
1.000000000000000000e+00
1.000000000000000000e+00
1.000000000000000000e+00
1.000000000000000000e+00
1.000000000000000000e+00
1.000000000000000000e+00
1.000000000000000000e+00
1.000000000000000000e+00
1.000000000000000000e+00
9.996791646018010624e-01
9.962676281641142939e-01
9.919940422623559906e-01
9.903168044180226115e-01
9.893984897513845578e-01
9.887637320208050307e-01
9.883049608532096242e-01
9.879769179605715212e-01
9.877471353824865963e-01
9.876016737858896999e-01
9.875294014132239839e-01
9.875260661868945355e-01
9.875915075405137245e-01
9.877305633808187713e-01
9.879505715040941549e-01
9.882679183876209583e-01
9.887124207290043376e-01
9.902157014505409416e-01
9.917354896833325828e-01
9.957847853956485196e-01
1.000000000000000000e+00
1.000000000000000000e+00
1.000000000000000000e+00
1.000000000000000000e+00
1.000000000000000000e+00
1.000000000000000000e+00
1.000000000000000000e+00
1.000000000000000000e+00
1.000000000000000000e+00
1.000000000000000000e+00
1.000000000000000000e+00
1.000000000000000000e+00
1.000000000000000000e+00
1.000000000000000000e+00
1.000000000000000000e+00
1.000000000000000000e+00
1.000000000000000000e+00
1.000000000000000000e+00
1.000000000000000000e+00
1.000000000000000000e+00
1.000000000000000000e+00
1.000000000000000000e+00
1.000000000000000000e+00
9.999340705777387539e-01
9.974888282547098584e-01
9.954429424856321429e-01
9.947726325957197968e-01
9.943723410162813581e-01
9.941213648791350499e-01
9.939693970222110986e-01
9.938941588055825171e-01
9.938870429675574769e-01
9.940810564568155483e-01
9.943077737166445829e-01
9.946697503610579805e-01
9.952607201173736540e-01
9.967920824324472129e-01
9.997168030371987868e-01
1.000000000000000000e+00
1.000000000000000000e+00
1.000000000000000000e+00
1.000000000000000000e+00
1.000000000000000000e+00
1.000000000000000000e+00
1.000000000000000000e+00
1.000000000000000000e+00
1.000000000000000000e+00
1.000000000000000000e+00
9.984668102956564262e-01
9.977059670526325919e-01
9.974038229982482573e-01
9.972083191573299921e-01
9.970751658398814277e-01
9.969830139616785436e-01
9.969228460220052046e-01
9.968884790344099134e-01
9.968770754212996632e-01
9.968878771566898056e-01
9.969218716767197508e-01
9.969814517612863858e-01
9.970722032951290226e-01
9.972049861674735505e-01
9.973974740967519459e-01
9.976978111427348139e-01
9.984355942912511717e-01
1.000000000000000000e+00
1.000000000000000000e+00
1.000000000000000000e+00
1.000000000000000000e+00
1.000000000000000000e+00
1.000000000000000000e+00
1.000000000000000000e+00
1.000000000000000000e+00
1.000000000000000000e+00
1.000000000000000000e+00
9.998115294479280601e-01
9.969992830913698700e-01
9.953198277202940369e-01
9.947036525494943326e-01
9.943290913495207439e-01
9.940943039862425445e-01
9.939537022035469516e-01
9.938891168647169261e-01
9.938913881370894376e-01
9.939614200575429548e-01
9.941071693017656807e-01
9.943515127743824955e-01
9.947364807051722879e-01
9.953779030174408904e-01
9.972413729570180907e-01
9.998807568843860460e-01
1.000000000000000000e+00
1.000000000000000000e+00
1.000000000000000000e+00
1.000000000000000000e+00
1.000000000000000000e+00
1.000000000000000000e+00
1.000000000000000000e+00
1.000000000000000000e+00
1.000000000000000000e+00
1.000000000000000000e+00
1.000000000000000000e+00
1.000000000000000000e+00
1.000000000000000000e+00
1.000000000000000000e+00
1.000000000000000000e+00
1.000000000000000000e+00
1.000000000000000000e+00
1.000000000000000000e+00
1.000000000000000000e+00
1.000000000000000000e+00
9.997290655663220171e-01
9.968173711599120912e-01
9.952672590070278380e-01
9.946734623491082505e-01
9.943100707710377240e-01
9.940824570250803571e-01
9.939478385170927854e-01
9.938872422763808112e-01
9.938938609352486742e-01
9.939679215355493591e-01
9.941199502016445644e-01
9.943701305138384905e-01
9.947691674526185635e-01
9.954367805201587149e-01
9.974453564138425765e-01
9.999299409734824229e-01
1.000000000000000000e+00
1.000000000000000000e+00
1.000000000000000000e+00
1.000000000000000000e+00
1.000000000000000000e+00
1.000000000000000000e+00
1.000000000000000000e+00
1.000000000000000000e+00
1.000000000000000000e+00
1.000000000000000000e+00
1.000000000000000000e+00
1.000000000000000000e+00
1.000000000000000000e+00
1.000000000000000000e+00
1.000000000000000000e+00
1.000000000000000000e+00
1.000000000000000000e+00
1.000000000000000000e+00
1.000000000000000000e+00
1.000000000000000000e+00
1.000000000000000000e+00
1.000000000000000000e+00
1.000000000000000000e+00
1.000000000000000000e+00
9.993062094554652219e-01
9.952322561401587553e-01
9.914813322361480941e-01
9.900993038852784478e-01
9.892479641873100915e-01
9.886562751169556407e-01
9.882273928226917858e-01
9.879218520547849991e-01
9.877114761828628131e-01
9.875808245316590739e-01
9.875230729893070825e-01
9.875339655537004324e-01
9.876140269211365341e-01
9.877680554974797023e-01
9.880079029068539187e-01
9.883483857091910352e-01
9.888205796078916032e-01
9.894832299176590240e-01
9.904449421556015265e-01
9.923268108577636415e-01
9.968009602690310889e-01
9.998052991618907592e-01
1.000000000000000000e+00
1.000000000000000000e+00
1.000000000000000000e+00
1.000000000000000000e+00
1.000000000000000000e+00
1.000000000000000000e+00
1.000000000000000000e+00
1.000000000000000000e+00
1.000000000000000000e+00
1.000000000000000000e+00
1.000000000000000000e+00
1.000000000000000000e+00
1.000000000000000000e+00
1.000000000000000000e+00
1.000000000000000000e+00
1.000000000000000000e+00
1.000000000000000000e+00
1.000000000000000000e+00
1.000000000000000000e+00
1.000000000000000000e+00
1.000000000000000000e+00
1.000000000000000000e+00
1.000000000000000000e+00
1.000000000000000000e+00
1.000000000000000000e+00
9.996848909587014997e-01
9.967295511005228592e-01
9.952485043946668331e-01
9.946599433444552885e-01
9.943032403804088482e-01
9.940771782062077788e-01
9.939449971402253281e-01
9.938866302071945880e-01
9.938950811696170007e-01
9.939712672188353304e-01
9.941246926643898529e-01
9.943795756257429730e-01
9.947812568217342388e-01
9.954643288706735982e-01
9.975491819453536912e-01
9.999443559398499826e-01
1.000000000000000000e+00
1.000000000000000000e+00
1.000000000000000000e+00
1.000000000000000000e+00
1.000000000000000000e+00
1.000000000000000000e+00
1.000000000000000000e+00
1.000000000000000000e+00
1.000000000000000000e+00
1.000000000000000000e+00
1.000000000000000000e+00
1.000000000000000000e+00
1.000000000000000000e+00
1.000000000000000000e+00
1.000000000000000000e+00
1.000000000000000000e+00
1.000000000000000000e+00
1.000000000000000000e+00
1.000000000000000000e+00
1.000000000000000000e+00
9.997947528144076612e-01
9.969719815419761932e-01
9.953076503954935150e-01
9.946966309253243432e-01
9.943263783832003710e-01
9.940914976839536621e-01
9.939527486487604868e-01
9.938886453748342342e-01
9.938919559615669863e-01
9.939624864788011438e-01
9.941102509505906903e-01
9.943546706340217201e-01
9.947444923360215796e-01
9.953923581235961660e-01
9.972774199980718457e-01
9.998945100183947998e-01
1.000000000000000000e+00
1.000000000000000000e+00
1.000000000000000000e+00
1.000000000000000000e+00
1.000000000000000000e+00
1.000000000000000000e+00
1.000000000000000000e+00
1.000000000000000000e+00
1.000000000000000000e+00
1.000000000000000000e+00
9.988287222103352514e-01
9.977957182303347494e-01
9.974568179492596665e-01
9.972437584241389263e-01
9.970996898030748401e-01
9.970001763100342362e-01
9.969333993388380666e-01
9.968938296449204595e-01
9.968776552559084347e-01
9.968837011013159666e-01
9.969663528778056616e-01
9.970498172448737373e-01
9.971717219461618820e-01
9.973497884037744177e-01
9.976185769767014211e-01
9.981618574435286995e-01
1.000000000000000000e+00
1.000000000000000000e+00
1.000000000000000000e+00
1.000000000000000000e+00
1.000000000000000000e+00
1.000000000000000000e+00
1.000000000000000000e+00
1.000000000000000000e+00
1.000000000000000000e+00
1.000000000000000000e+00
1.000000000000000000e+00
1.000000000000000000e+00
1.000000000000000000e+00
1.000000000000000000e+00
1.000000000000000000e+00
1.000000000000000000e+00
1.000000000000000000e+00
