4.515410798392321823e+01
-1.718595910675017185e-02
-4.069871999841417898e-02
-7.673346890482935755e-07
3.303562331948361019e-07
1.591102653727711811e+02
8.531448324119034510e+01
1.888151146609892694e-02
-3.482394142228116551e-02
3.856334218968149940e-07
-9.503319753486755851e-07
2.953210170345078609e+02
1.301841370611103343e+02
1.166598054736937146e-02
-2.810734616957651782e-02
-9.752070092478580514e-07
-3.345599452604399848e-07
2.120234348357531076e+02
-1.152153352786918994e+01
-1.131086341977839105e+01
-1.104398930147850955e+01
